924 7678
6 89 34 8 87 61 39 84 26 91 27 30 89 91 13 74 78 33 3 3 48 35 52 82 23 87 46 68 100 7 55 72 81 72 61 91 99 59 28 64 88 25 31 29 16 47 60 51 56 83 55 14 82 11 87 94 58 40 43 2 25 54 11 55 8 23 29 51 60 77 76 65 40 86 71 58 17 75 23 66 85 69 18 89 67 57 10 88 44 50 37 55 63 8 12 14 68 56 8 93 6 43 83 45 42 25 29 9 40 44 81 2 33 42 85 35 56 4 89 68 67 83 33 38 73 93 76 72 89 5 77 57 62 45 24 6 6 46 6 55 86 18 66 90 27 69 41 85 16 81 57 66 69 65 45 20 63 8 73 64 14 96 40 50 87 90 60 6 19 57 58 31 50 84 79 52 57 24 76 78 95 67 94 54 74 19 70 47 6 42 27 23 60 52 78 52 49 27 99 70 26 39 41 10 76 75 24 90 69 66 76 6 1 95 23 15 80 13 88 58 48 7 43 34 23 5 89 99 84 23 44 99 83 91 39 3 64 2 80 37 20 36 88 70 87 1 17 83 49 63 51 2 56 91 68 27 83 32 78 84 97 43 95 3 50 28 53 58 67 66 80 45 42 32 59 21 96 53 95 60 90 97 48 42 91 49 47 71 44 83 33 59 23 47 81 15 58 36 17 76 60 55 75 82 14 20 67 44 60 38 98 84 19 28 57 23 6 9 63 94 69 12 18 46 70 67 33 14 81 58 88 84 47 81 70 84 82 7 3 73 35 36 89 5 8 30 43 80 42 9 1 96 64 78 41 44 27 70 68 66 61 23 86 75 33 51 76 47 36 64 54 27 2 89 32 64 36 81 3 81 11 47 73 1 55 61 38 94 97 5 42 42 38 1 40 40 40 86 46 83 65 53 54 44 16 7 69 97 4 64 91 51 19 15 46 96 54 89 2 54 96 23 62 57 18 65 12 92 87 5 79 60 76 46 2 100 45 27 42 64 64 67 84 1 84 10 45 19 23 78 95 15 100 77 28 17 51 32 84 62 51 69 96 9 75 65 74 35 74 52 87 21 56 7 63 100 45 8 1 9 84 57 18 30 62 63 82 48 55 25 26 46 70 98 96 28 44 56 50 54 18 55 17 68 64 98 2 99 98 21 22 21 62 68 52 2 61 76 85 92 44 52 20 72 59 76 80 31 28 33 21 81 41 48 75 33 35 86 15 42 56 28 26 76 93 81 39 12 77 65 99 59 46 13 76 62 98 2 47 3 91 10 73 35 47 14 78 32 50 45 100 2 46 30 18 83 1 79 65 59 71 6 44 78 95 21 88 73 83 12 74 53 96 90 97 88 65 82 22 24 77 25 67 74 16 19 52 60 33 94 72 64 54 2 19 85 85 54 94 87 59 12 61 23 97 13 81 13 94 80 94 27 60 9 95 63 10 42 88 4 47 74 6 1 62 82 1 60 17 18 32 15 21 20 91 90 12 48 65 25 78 52 82 91 98 90 11 68 1 24 66 27 65 48 73 17 75 62 37 3 55 31 29 6 10 61 93 34 34 89 41 8 70 93 51 81 24 38 89 17 56 61 84 49 4 34 59 73 90 93 88 57 75 47 44 75 72 50 90 79 74 14 65 47 5 7 17 65 38 94 24 99 91 64 57 70 19 18 58 15 62 96 2 44 68 22 71 35 61 12 54 72 22 21 2 89 51 80 15 56 20 63 47 97 75 90 7 37 24 51 80 87 91 67 90 55 39 74 53 93 100 67 18 83 68 56 50 51 48 13 50 64 98 64 32 60 18 26 90 40 69 9 55 88 58 21 92 77 16 60 26 97 94 94 58 62 61 2 38 68 25 1 69 9 19 1 14 83 51 89 23 57 51 68 69 10 94 15 81 39 91 61 85 72 46 90 9 67 53 52 94 80 65 86 21 37 8 70 61 26 95 51 74 30 77 40 93 6 15 89 12 66 39 56 16 13 76 91 60 12 20 56 6 24 76 21 41 95 57 59 17 42 28 24 54 85 13 34 51 75 37 18 66 64 98 60 94 52 100 72 46 43 9 64 42 96 42 70 66 3 54 17 29 38
236 82 99
170 204 20
857 4 13
482 278 66
209 10 63
793 385 82
763 153 89
45 818 74
59 207 83
331 905 67
270 226 54
28 749 20
905 163 68
612 557 4
277 107 32
536 522 79
594 244 22
397 491 68
26 351 41
127 68 68
110 655 14
467 802 9
394 131 80
120 375 58
503 367 76
169 858 12
197 517 59
623 249 15
377 768 87
701 525 22
30 468 87
353 537 46
672 323 77
454 838 19
85 52 43
167 271 60
120 125 60
650 215 16
670 172 62
68 643 67
368 728 66
167 433 80
566 215 19
781 228 37
205 669 66
484 243 75
194 364 44
860 260 98
667 667 83
82 425 29
615 510 4
837 481 17
109 394 81
29 445 86
529 521 78
190 703 91
897 158 68
286 700 35
32 51 46
1 569 63
891 526 49
58 649 40
885 519 14
152 435 85
683 492 29
685 582 32
295 201 1
673 291 68
19 630 12
864 693 24
168 183 53
884 176 46
907 516 62
888 96 44
651 495 47
570 528 12
436 554 78
241 309 96
509 665 24
820 569 56
528 457 16
828 31 86
725 848 45
81 142 76
287 309 78
46 817 68
710 901 27
174 249 16
119 825 23
318 122 65
778 56 85
812 685 100
690 121 66
605 208 90
108 732 94
804 387 67
473 198 82
73 374 24
407 910 83
163 549 32
358 883 76
3 488 9
870 738 28
328 102 80
335 214 95
495 416 76
402 202 6
595 98 97
18 749 16
799 87 74
643 48 97
488 234 82
513 353 77
502 431 99
570 760 39
705 32 40
914 818 63
487 841 65
780 639 32
817 665 81
196 26 96
454 708 55
452 890 10
214 80 64
606 287 68
720 852 70
224 186 25
834 323 53
313 191 57
468 744 70
337 216 28
463 2 39
265 299 26
389 115 17
164 870 44
284 416 96
581 228 32
854 478 82
898 42 59
664 302 37
163 319 76
749 0 20
704 659 73
670 270 75
383 158 17
156 296 93
348 194 98
155 88 49
476 33 58
420 271 2
849 803 7
726 439 84
877 611 61
84 669 9
665 634 6
26 755 69
663 487 30
141 333 2
864 777 42
61 485 7
900 692 26
388 26 51
914 358 41
875 686 78
56 495 52
448 638 10
538 865 34
685 14 79
192 764 67
559 774 54
695 105 2
213 139 38
475 211 71
539 680 7
159 725 38
88 597 1
757 830 49
99 569 51
651 212 7
13 603 100
547 145 10
596 875 3
83 501 61
61 168 55
126 765 40
90 99 89
505 667 100
563 246 34
433 610 52
500 668 16
178 209 9
185 853 73
473 701 33
31 659 41
353 354 22
224 825 47
819 130 10
552 598 30
796 889 44
790 860 5
773 503 90
97 405 27
409 664 68
138 226 10
550 561 76
671 489 16
302 418 90
698 87 25
664 515 50
353 44 81
289 444 14
53 616 51
685 814 20
468 670 43
391 33 55
295 235 90
202 245 50
199 21 33
453 238 94
234 265 8
660 274 39
666 720 85
360 494 94
7 569 94
397 425 81
820 674 43
526 133 69
450 42 68
314 197 58
387 635 27
833 289 35
155 291 38
395 625 42
132 1 45
145 170 69
551 108 7
380 526 51
607 428 81
79 483 23
611 165 47
284 530 81
672 36 12
536 146 66
668 870 36
633 597 46
8 791 96
896 452 3
283 869 11
113 281 82
907 575 45
419 591 100
176 712 65
344 83 94
555 242 25
451 812 53
774 371 63
115 110 80
708 665 86
565 782 97
417 271 60
722 602 74
91 796 98
770 121 12
841 842 77
519 570 66
540 891 88
614 364 28
248 674 83
789 457 73
484 547 23
815 346 43
711 706 18
728 676 69
739 404 4
751 336 64
26 72 98
822 177 54
587 335 61
536 684 59
434 648 24
100 206 74
498 393 64
893 845 71
807 530 62
189 12 45
671 342 20
195 816 22
607 878 63
580 567 28
653 567 44
239 175 8
37 742 58
725 284 29
332 914 99
699 837 13
548 369 51
352 50 64
421 708 1
812 262 86
436 855 33
813 138 97
761 42 42
149 89 36
703 402 75
681 767 9
858 54 48
882 732 43
487 347 81
74 686 44
482 158 69
201 335 81
423 602 73
819 668 100
748 183 82
535 201 62
204 540 4
135 697 73
425 171 10
407 281 61
893 627 79
723 111 78
824 356 17
835 889 38
166 688 61
332 149 60
151 612 30
344 413 96
386 609 71
579 201 78
691 490 32
283 519 42
469 326 86
632 282 83
511 380 98
395 499 68
546 514 1
274 316 8
545 313 84
462 86 87
55 423 73
336 141 18
540 615 10
92 24 94
834 751 20
241 783 77
826 117 55
547 235 14
71 210 22
918 443 40
38 653 95
89 435 98
404 596 51
593 140 9
138 276 68
569 571 68
800 280 98
215 801 41
668 519 83
252 102 75
801 657 94
59 823 9
279 395 72
732 816 29
149 186 4
558 93 83
122 130 22
567 536 49
117 640 57
859 711 63
348 785 48
306 576 54
510 815 58
772 678 98
323 898 70
309 475 83
656 869 70
27 510 57
786 42 29
883 94 3
612 555 68
198 229 73
286 737 3
199 726 46
885 643 15
730 184 19
310 354 33
910 591 86
111 60 90
383 756 62
527 338 98
140 475 96
125 549 60
517 448 24
896 417 17
206 677 26
41 416 73
480 858 14
325 192 12
74 260 2
71 598 23
493 923 86
203 398 41
218 312 49
531 412 57
758 39 59
677 169 14
336 544 15
108 602 46
380 187 24
658 889 57
483 107 60
690 33 62
104 735 69
760 711 37
14 10 95
847 555 70
369 672 30
760 832 89
485 842 79
126 418 38
766 531 51
475 906 31
600 459 29
213 417 20
493 363 97
806 342 16
26 717 98
494 384 99
888 533 31
93 737 35
860 247 18
20 368 74
564 354 96
87 168 83
371 554 63
444 455 72
54 791 26
50 257 67
856 444 65
223 585 90
217 208 73
817 107 89
853 622 17
283 742 64
86 434 33
109 322 19
626 591 46
831 877 80
210 244 19
340 505 87
362 827 79
291 51 32
673 310 90
125 339 21
576 548 36
409 490 87
70 818 14
393 564 48
586 857 12
538 293 96
683 350 34
110 241 90
413 465 67
701 596 27
251 259 67
903 511 29
512 588 34
747 377 57
43 551 77
7 24 43
290 697 55
384 130 11
137 175 13
235 341 72
779 910 15
834 231 51
761 497 6
824 279 63
90 506 11
556 52 63
294 340 90
550 589 47
625 736 35
440 483 14
161 691 53
145 156 42
72 658 11
874 827 49
864 271 56
405 745 89
200 805 61
566 597 87
273 110 88
15 77 26
776 251 76
646 224 46
771 333 49
731 759 27
57 815 86
214 577 99
771 889 18
768 522 71
142 725 3
3 94 25
85 498 40
213 103 27
368 712 94
38 56 45
885 121 52
754 405 23
795 661 3
638 552 17
617 616 94
783 492 74
463 494 31
455 286 39
732 276 63
350 881 88
911 315 100
267 520 93
616 232 23
30 256 48
855 280 88
714 38 36
483 421 55
305 108 48
582 536 81
109 696 87
683 790 95
559 140 85
214 450 16
743 274 18
421 913 21
429 878 19
440 95 43
921 904 27
736 239 22
413 449 93
376 468 93
248 424 76
251 533 1
695 253 81
629 242 48
786 253 15
78 716 97
141 50 68
167 668 82
542 491 43
100 917 37
429 243 85
270 916 86
33 314 20
614 187 71
545 616 97
336 123 22
282 441 96
331 557 18
324 319 2
787 684 38
888 354 93
40 504 81
755 38 85
28 207 71
691 919 98
745 757 8
817 845 62
291 339 30
573 692 18
495 628 71
389 603 91
724 17 69
677 45 43
793 806 11
119 518 78
524 16 87
727 192 56
469 740 9
70 575 27
649 859 93
490 595 35
135 593 89
741 222 59
281 110 49
231 540 62
309 437 59
24 491 30
541 830 23
229 421 41
762 17 86
891 826 89
791 823 14
895 36 28
698 228 86
539 329 96
462 31 84
22 89 20
651 400 77
417 58 66
553 181 92
624 618 97
381 682 34
799 333 55
275 604 53
903 61 26
681 478 17
197 913 2
884 391 53
858 320 77
39 200 87
617 367 82
254 895 79
31 222 13
567 420 73
667 561 11
228 748 4
153 162 66
154 566 65
573 72 1
768 128 82
241 12 73
317 782 61
275 540 57
889 185 79
352 253 34
684 454 27
692 693 40
572 914 67
876 596 70
315 31 55
384 730 34
512 582 8
857 103 73
375 337 40
433 511 36
909 277 58
671 737 93
29 480 99
21 697 85
72 895 64
54 577 18
392 763 10
274 590 74
165 875 49
493 624 19
782 191 96
723 648 13
218 418 13
192 840 61
404 738 95
131 770 46
245 458 35
264 208 87
454 822 86
328 210 26
199 450 28
434 309 85
886 202 84
12 626 16
322 827 91
553 871 70
413 400 99
399 141 93
389 412 80
665 654 46
857 285 53
298 274 83
838 915 11
809 832 81
490 229 2
149 739 31
706 417 25
623 575 54
203 543 8
93 533 21
642 804 10
136 268 64
778 669 51
377 332 49
832 600 15
599 79 47
763 473 17
34 923 44
894 239 75
772 482 35
47 757 41
417 427 80
891 503 61
114 581 89
729 616 53
549 252 5
569 267 40
705 560 11
322 547 79
234 853 93
163 569 83
575 76 32
606 113 1
275 668 19
523 779 73
913 808 64
793 420 68
259 378 48
472 719 37
246 435 26
425 490 59
279 914 14
773 450 19
512 919 48
514 879 81
100 337 31
839 578 86
623 38 63
145 242 45
399 190 91
873 125 38
555 494 89
450 370 90
619 775 55
514 806 2
715 704 100
620 716 74
590 779 58
452 101 43
168 309 77
656 582 53
381 137 72
520 556 9
763 327 82
822 67 23
554 290 69
615 80 99
911 423 24
461 594 16
416 439 4
910 551 90
743 248 50
441 513 8
586 266 18
599 168 27
492 865 3
249 312 22
28 682 11
608 361 62
51 797 90
27 571 37
160 891 36
785 438 71
647 648 53
645 913 54
541 864 98
347 105 91
822 474 96
321 254 86
111 667 47
732 683 20
297 623 20
656 492 28
87 779 71
574 745 46
506 245 97
610 178 8
697 181 35
22 864 50
330 158 36
405 569 31
179 606 46
718 880 42
624 695 49
672 273 47
616 769 96
767 131 11
850 2 57
237 260 14
111 560 17
358 807 3
667 509 72
564 223 94
651 30 66
235 198 90
694 867 31
691 22 48
485 215 47
896 839 100
725 815 50
369 274 67
916 681 49
843 662 34
882 437 60
810 266 97
920 655 38
42 796 78
651 513 12
794 717 64
258 235 52
333 33 1
56 241 12
155 336 15
829 142 40
82 254 23
755 414 36
249 800 59
192 679 29
841 503 82
212 410 54
441 856 82
547 358 40
379 306 12
436 796 8
278 697 40
887 419 2
129 730 21
61 64 80
295 731 100
540 6 8
19 396 65
7 512 81
382 635 43
294 23 11
495 781 86
701 301 2
786 690 87
806 474 74
28 509 1
82 424 44
145 30 11
723 266 1
634 703 85
856 303 12
733 576 39
826 383 24
635 849 71
732 103 79
693 647 90
570 357 72
222 471 57
644 760 75
93 459 61
465 73 42
276 665 95
505 88 51
57 579 83
92 473 11
833 690 57
172 279 23
159 629 71
649 5 47
393 793 26
49 896 30
860 739 86
151 442 82
547 414 7
216 681 61
301 836 78
527 400 48
399 560 99
284 908 69
831 591 1
683 900 65
564 95 98
725 774 12
9 740 51
397 878 19
725 458 49
518 577 77
508 222 62
650 917 53
517 556 48
904 65 11
44 446 79
160 328 53
185 772 27
347 525 1
102 779 6
726 362 97
555 758 37
31 908 60
297 206 52
438 564 62
190 492 51
582 719 60
470 28 82
901 43 21
568 22 78
125 226 36
841 366 14
700 104 95
881 566 12
668 235 30
294 913 45
190 342 69
216 805 27
52 272 33
174 29 48
275 515 86
620 263 28
661 641 3
384 689 28
480 764 1
330 82 50
717 817 10
336 808 73
621 244 11
522 399 56
145 497 93
260 590 63
245 657 45
669 213 46
834 818 83
667 573 83
476 737 42
21 495 57
262 846 5
545 291 29
643 580 97
748 512 10
201 720 13
615 407 96
108 622 58
88 718 100
619 185 56
199 296 32
209 657 88
416 17 60
90 314 41
759 586 40
324 633 55
739 858 86
822 461 57
264 855 35
229 911 75
301 672 19
111 196 48
560 686 21
148 672 22
495 550 27
583 734 56
248 8 28
477 718 22
177 872 75
64 723 72
148 511 49
87 559 51
35 424 18
514 64 75
900 340 16
821 798 85
513 665 24
4 907 60
520 428 79
712 856 89
625 780 35
608 244 7
876 508 2
126 255 18
791 246 46
461 911 46
538 639 41
631 637 15
103 654 86
584 131 62
58 658 89
912 788 72
555 771 36
74 94 97
48 338 73
288 141 71
695 558 18
630 664 62
474 233 14
635 682 77
802 590 37
683 45 19
608 899 60
722 792 89
797 93 79
450 233 54
552 364 79
87 466 69
87 697 83
790 226 35
570 635 35
132 23 99
95 780 25
800 886 3
841 917 99
547 30 76
501 333 85
122 717 75
226 481 39
657 210 38
276 555 31
431 519 91
562 325 56
580 549 27
535 347 65
574 586 5
888 651 69
66 787 18
739 493 22
109 465 82
905 309 92
105 847 65
764 588 79
101 49 25
102 629 50
822 852 80
336 317 88
176 246 83
836 485 86
638 146 54
608 180 24
71 218 15
875 384 24
39 337 34
636 914 42
106 438 15
270 239 50
3 773 9
18 569 100
609 546 52
195 247 5
818 516 40
766 841 67
380 659 31
629 119 17
111 776 92
513 299 89
835 645 65
560 858 71
478 41 55
531 337 31
749 311 89
533 692 71
113 526 10
560 506 87
724 534 12
824 362 99
398 676 48
511 429 98
219 733 58
49 227 40
448 596 7
274 745 46
763 571 81
465 690 83
214 354 84
230 858 6
110 557 23
329 62 13
593 399 86
475 87 60
726 343 77
837 374 27
769 437 44
837 188 33
631 709 28
539 389 88
784 823 36
381 520 1
665 339 71
824 253 97
27 651 86
747 293 9
905 697 22
447 202 4
366 751 97
221 356 41
722 22 74
201 542 9
311 748 68
309 583 87
112 796 59
638 32 38
751 658 20
116 352 94
33 709 40
674 469 75
617 569 7
686 105 41
685 669 81
445 206 30
204 474 46
815 547 32
445 920 51
255 321 77
111 562 24
156 737 81
786 484 68
239 812 13
348 592 31
128 502 76
804 119 45
224 440 86
74 434 10
454 649 80
330 879 46
87 366 69
613 902 37
239 349 50
384 135 46
901 775 74
217 79 94
773 757 44
53 395 77
520 919 20
806 802 14
267 655 4
155 176 47
812 582 4
683 615 17
628 42 84
10 568 3
660 478 94
93 509 73
851 204 13
853 57 68
155 424 11
868 866 99
796 42 35
648 797 35
98 398 15
285 917 23
825 440 23
643 179 98
48 18 35
779 822 13
901 462 85
454 714 69
800 810 46
840 595 35
903 238 17
703 534 40
288 403 37
895 657 9
548 393 22
297 788 1
654 652 86
57 59 97
765 392 31
891 391 12
725 188 31
193 380 23
531 129 57
130 286 21
98 716 40
437 651 48
733 316 10
412 305 14
724 184 50
863 107 64
665 197 67
26 386 14
211 852 27
501 469 74
369 287 49
20 613 66
396 887 75
821 234 74
420 862 34
404 585 7
763 232 85
400 543 18
232 702 96
437 819 73
178 450 99
150 599 24
770 281 59
413 461 39
897 50 52
40 916 15
724 28 11
483 143 59
251 7 75
91 130 5
161 882 53
300 261 41
508 782 42
653 10 50
307 512 16
168 81 84
494 132 41
389 453 12
295 101 25
126 725 73
387 546 65
90 503 80
830 650 43
717 262 1
916 528 46
673 227 24
115 271 56
65 140 55
411 409 32
398 376 14
14 74 68
219 833 47
647 275 15
514 721 40
82 900 17
436 181 78
565 287 65
763 239 79
172 274 29
365 740 10
476 200 100
756 388 47
672 497 32
20 191 77
833 681 62
108 581 100
896 527 38
199 129 54
445 137 49
258 457 56
153 298 13
728 422 20
53 136 89
334 121 4
846 754 52
19 54 48
892 524 80
875 632 29
697 243 36
735 187 6
153 550 68
833 527 96
737 42 59
28 90 76
755 702 93
335 258 42
858 726 82
15 780 63
209 597 38
67 595 46
259 775 97
450 306 95
54 59 39
221 360 61
489 606 75
479 455 97
94 158 89
409 356 57
45 111 5
399 689 28
601 362 32
201 178 22
220 220 19
778 235 6
706 658 19
848 766 26
92 79 57
598 408 54
296 123 82
602 541 67
828 892 24
362 619 83
764 677 21
97 596 75
6 233 97
26 224 18
414 448 73
368 3 72
476 228 52
853 363 1
705 389 55
842 687 62
619 523 70
919 24 68
251 638 6
906 258 6
4 114 96
448 401 87
531 295 82
666 335 94
233 696 88
813 632 70
414 59 100
195 649 11
697 568 75
786 502 64
881 787 18
709 293 83
789 737 73
458 818 62
196 46 94
35 756 87
18 481 25
213 123 11
669 907 59
762 872 8
652 380 81
300 76 51
868 900 19
237 603 87
249 256 5
686 405 21
802 391 56
446 661 47
131 277 69
574 3 99
890 895 55
614 815 80
68 7 81
748 586 69
599 397 47
351 270 41
396 632 56
769 688 89
413 393 52
767 258 39
389 432 81
776 390 9
599 441 99
599 916 70
524 175 5
111 446 22
441 113 99
258 522 97
280 323 88
596 223 2
519 76 69
176 313 6
599 615 64
273 289 46
745 19 84
216 883 91
808 620 31
703 654 83
268 316 16
918 816 75
880 726 65
332 615 75
859 450 62
354 671 18
506 435 20
394 481 47
679 136 78
210 916 97
14 453 81
780 799 92
260 4 93
199 256 54
819 22 25
507 155 6
647 311 78
687 714 95
573 290 77
921 421 53
849 170 22
918 374 93
297 428 55
612 40 75
515 388 32
748 17 13
283 101 85
263 81 100
901 588 87
731 86 96
819 422 84
347 619 75
138 673 29
462 416 28
724 794 50
504 832 36
161 466 93
578 185 23
294 877 11
374 142 62
26 204 84
601 559 7
336 376 34
31 173 82
832 174 82
424 699 80
161 421 19
331 646 91
230 336 14
462 839 99
456 397 60
352 682 12
593 400 85
72 157 83
839 461 96
832 909 60
392 343 12
408 822 18
621 719 8
376 734 55
229 679 69
731 173 13
620 900 46
483 471 60
237 165 89
646 80 22
601 4 22
424 694 7
514 99 90
385 357 29
52 905 68
525 570 10
900 836 69
674 822 25
633 876 35
313 708 1
401 409 71
593 456 60
776 641 83
161 710 44
567 585 61
751 487 5
610 629 38
536 831 73
642 768 71
552 410 23
840 235 49
293 786 70
15 624 1
466 410 45
480 321 39
186 825 81
695 765 4
707 3 68
884 317 68
874 686 23
252 451 40
423 110 4
922 529 58
655 724 18
93 266 100
856 788 18
668 347 53
310 655 35
699 702 97
499 741 23
793 570 89
1 634 40
391 381 12
704 575 84
544 502 41
468 627 84
847 623 69
770 605 58
513 262 64
836 626 97
698 304 56
493 307 13
105 881 12
570 383 100
772 105 78
101 691 48
432 270 23
827 918 96
592 905 54
876 665 12
203 146 17
476 660 7
887 39 60
759 77 39
668 365 13
624 879 35
222 230 80
726 138 27
549 36 44
106 660 68
508 568 79
359 580 88
364 430 28
503 313 56
146 613 10
282 615 23
573 320 49
909 214 20
582 800 71
599 447 41
340 468 50
482 316 29
98 607 93
104 792 56
530 487 23
35 9 64
666 648 29
853 375 53
14 711 15
8 476 34
236 703 7
310 862 84
157 65 47
370 182 5
692 644 7
744 349 13
838 47 81
673 615 48
681 584 60
336 694 60
72 114 99
852 894 6
269 432 20
662 852 36
227 663 83
878 555 67
351 741 87
226 665 20
875 888 24
535 178 47
319 197 79
70 576 7
812 146 47
440 613 84
631 422 44
900 150 78
86 577 56
241 723 46
361 195 16
66 608 16
765 420 9
69 89 38
44 444 65
28 635 86
77 84 85
251 367 89
812 332 75
125 278 61
436 24 6
456 316 99
474 427 78
246 657 97
517 771 45
32 6 29
658 24 60
428 451 36
241 702 74
788 632 83
540 226 2
146 32 28
853 732 64
723 3 66
2 194 36
296 76 15
123 333 75
596 208 98
359 884 99
398 736 5
583 99 38
207 381 40
610 640 16
340 860 80
501 544 73
190 499 56
902 844 38
559 260 4
212 737 95
808 519 34
366 69 94
246 172 80
26 495 57
834 149 11
153 27 58
724 718 2
492 74 57
815 17 64
375 170 63
530 150 63
18 650 14
851 358 71
658 319 32
247 657 28
236 122 94
887 453 65
292 55 56
251 691 85
144 788 32
768 763 19
912 918 74
510 307 99
775 298 44
53 460 12
25 296 20
540 498 53
747 0 32
243 59 89
127 270 57
215 536 83
594 682 76
116 450 5
648 761 32
803 823 56
161 222 73
276 291 89
378 889 18
525 186 63
241 707 33
893 799 24
126 596 89
438 589 21
719 257 55
696 455 70
386 640 95
116 763 42
212 49 51
626 777 39
605 3 53
597 85 74
463 516 35
733 684 87
260 551 76
792 523 14
495 769 80
368 823 39
845 703 34
21 761 84
777 300 33
820 521 91
368 754 3
795 99 15
451 698 34
72 121 66
414 286 19
85 379 77
432 559 47
752 418 43
625 244 44
702 468 11
675 854 36
28 842 52
182 455 45
186 552 79
743 765 16
440 92 82
206 234 6
635 159 95
836 569 73
177 50 41
112 916 8
705 802 45
793 633 26
403 520 75
309 367 41
759 503 95
298 375 1
800 202 76
743 317 40
151 895 32
209 651 89
116 148 60
219 832 70
596 126 72
722 2 12
386 571 8
13 889 85
258 324 18
323 622 87
747 110 31
610 33 99
306 893 12
575 464 37
686 864 57
1 815 48
449 823 33
778 130 26
773 77 47
252 636 1
53 372 55
494 575 61
394 628 27
570 437 88
635 499 18
892 550 37
378 371 30
465 95 65
0 624 62
106 10 47
356 785 56
6 694 75
566 207 33
663 166 56
845 729 91
558 889 72
853 69 50
641 356 30
289 797 8
276 866 3
432 467 95
234 444 40
533 827 55
477 595 31
834 488 57
537 911 86
127 304 15
663 640 62
455 11 29
404 338 52
12 454 63
414 19 65
105 759 82
416 169 28
573 19 20
58 21 91
447 190 30
95 656 16
818 620 79
18 746 40
882 609 75
753 33 70
164 501 6
762 498 71
542 297 76
265 525 97
153 532 8
915 869 48
408 311 53
190 641 60
758 69 38
100 765 89
790 738 16
134 349 6
113 12 53
458 550 69
694 886 13
9 149 82
518 814 42
157 293 11
476 114 78
378 234 71
849 70 44
562 890 65
272 511 99
167 773 52
857 112 69
117 77 47
790 688 9
355 623 81
223 208 80
783 333 23
746 478 86
392 13 5
112 493 60
805 605 31
223 272 69
649 491 77
186 669 27
4 775 59
123 477 57
334 134 6
103 365 21
337 798 39
24 318 82
250 917 78
649 662 72
701 327 88
742 387 73
598 221 5
819 803 37
679 812 54
321 349 1
171 17 42
200 695 4
158 566 41
270 341 72
483 449 99
202 682 90
102 518 85
354 897 45
114 526 67
848 83 88
115 59 33
544 860 35
727 540 6
685 301 64
240 255 49
481 922 98
290 117 87
746 656 80
615 491 72
142 42 53
340 126 12
732 828 94
830 769 40
146 331 81
307 555 100
384 41 100
542 789 92
297 246 82
173 95 11
687 662 73
24 104 48
64 737 88
243 465 26
756 643 93
760 274 53
806 369 68
315 351 39
761 57 86
766 10 37
605 917 13
479 810 16
631 505 16
812 408 19
199 623 61
230 428 96
95 370 62
426 623 59
769 486 6
813 510 7
114 464 23
646 530 55
418 127 3
726 837 70
468 663 93
527 445 69
452 629 48
319 596 59
85 817 30
282 881 54
68 283 30
618 383 44
441 891 25
88 144 25
499 404 94
527 879 43
115 342 2
530 258 30
118 450 18
325 370 70
449 882 54
156 186 71
450 553 58
810 911 96
530 730 74
737 309 51
721 342 74
904 591 67
753 122 52
21 819 18
254 756 54
112 811 6
130 514 77
519 703 92
559 695 5
514 819 12
607 72 9
901 616 54
246 161 15
880 607 100
666 889 68
551 102 17
646 227 46
373 789 52
149 278 34
364 18 81
741 103 28
386 567 28
203 638 27
406 591 39
779 868 8
555 851 98
682 392 74
565 694 74
505 771 94
183 888 24
683 429 72
273 513 51
859 310 93
642 75 23
407 128 64
893 369 77
164 168 76
277 424 56
518 790 57
420 206 72
177 295 9
605 452 14
378 390 75
436 868 79
873 657 71
853 757 26
605 63 44
470 436 13
504 90 74
181 209 7
308 852 28
232 428 56
166 847 37
788 400 85
298 109 93
907 452 40
284 380 20
866 876 21
5 567 89
436 134 79
58 96 81
247 790 7
888 703 36
598 821 78
552 223 73
512 615 20
29 749 38
503 614 82
631 462 51
479 321 52
698 668 79
60 700 38
403 898 81
515 529 64
740 386 3
271 831 12
344 42 3
71 410 62
347 229 45
807 632 94
198 743 6
540 616 9
702 864 54
579 495 17
278 266 82
129 83 91
638 356 94
408 802 18
671 186 11
637 786 14
121 495 8
522 774 70
861 917 29
569 253 2
90 364 16
819 584 53
290 335 75
870 123 70
508 275 99
614 103 15
599 322 68
511 353 99
522 164 43
290 628 10
806 65 30
291 304 51
129 569 72
455 11 52
215 257 71
380 546 51
501 208 75
843 133 25
527 278 61
800 233 74
881 86 33
346 43 41
745 350 74
554 563 34
708 611 44
707 916 55
528 153 45
762 338 76
107 277 99
563 206 99
391 60 17
466 908 81
609 596 11
728 451 95
778 153 24
383 700 65
384 164 43
175 910 65
92 736 18
384 249 44
674 61 77
288 859 84
265 671 84
446 347 69
466 892 7
423 137 28
434 640 52
163 76 82
65 251 18
236 412 84
436 732 21
618 172 6
192 543 81
260 169 76
456 433 81
94 765 45
285 322 33
199 142 22
529 502 86
295 627 85
730 108 65
58 181 9
246 850 70
684 268 67
326 711 49
113 12 60
399 883 18
81 484 33
884 47 58
366 656 88
459 580 22
398 792 24
129 676 73
305 644 29
646 89 23
584 697 95
51 414 8
720 109 40
893 185 6
105 633 94
20 308 26
124 720 86
417 449 93
725 373 17
348 142 73
110 42 22
577 169 100
837 393 100
671 741 63
324 5 12
548 380 26
469 741 84
187 256 51
619 69 45
788 668 2
65 869 85
218 916 7
442 826 68
810 345 86
106 41 62
448 789 75
278 41 40
499 218 43
61 359 23
205 433 28
445 272 80
538 183 11
197 118 25
370 576 66
153 847 19
652 594 27
143 620 40
481 77 39
9 9 56
569 20 40
59 232 3
171 231 14
883 817 2
174 693 10
144 759 84
391 643 66
581 896 51
165 43 69
604 480 5
401 834 97
435 576 63
740 888 33
329 270 66
772 320 15
343 734 40
639 424 16
139 910 1
689 532 47
147 716 64
744 870 13
230 418 31
144 456 32
383 505 25
616 452 40
473 370 32
758 697 42
195 419 35
172 201 66
742 506 59
434 679 94
328 216 32
9 342 8
50 53 8
716 30 80
464 177 66
770 528 32
674 122 29
785 761 20
328 32 38
918 385 23
439 580 79
576 633 98
6 860 51
142 204 37
314 32 86
367 115 35
840 18 31
553 516 56
375 651 80
18 187 46
778 663 97
850 452 25
880 837 63
191 208 7
205 414 37
878 432 70
420 486 38
32 325 80
689 21 94
759 228 24
885 163 40
730 282 74
822 468 57
637 386 23
667 761 12
728 848 11
196 14 12
213 768 73
215 455 22
496 11 94
684 188 73
833 527 23
844 682 52
409 357 31
911 355 37
403 602 49
670 602 99
67 136 22
689 250 9
117 268 97
156 852 60
559 522 47
779 217 63
505 892 18
711 7 93
371 538 96
310 280 43
737 36 28
469 684 12
278 300 59
460 217 69
559 69 35
853 502 95
909 553 19
413 486 63
700 25 42
378 255 12
162 408 82
376 603 49
108 368 17
791 409 36
802 456 81
321 736 8
438 152 23
789 352 51
695 310 43
594 18 44
765 428 46
736 862 94
703 141 72
94 173 98
23 344 29
392 97 53
857 374 35
653 521 6
869 355 81
700 481 85
294 58 95
634 154 91
244 372 16
389 910 83
79 470 72
784 170 48
223 754 58
329 408 75
182 625 17
295 481 39
579 262 81
787 35 90
51 638 37
611 490 40
721 735 69
803 617 82
290 830 19
563 849 80
562 830 34
539 632 76
671 169 28
77 405 70
666 121 18
820 694 14
809 20 33
519 471 7
730 917 39
872 799 12
35 334 49
525 629 53
723 187 9
241 470 92
209 800 41
745 229 69
448 179 52
72 231 49
524 760 10
851 550 67
31 661 66
837 261 52
574 22 28
203 66 84
198 198 8
905 165 63
274 43 82
198 913 27
206 419 28
910 295 69
839 619 2
226 730 44
541 65 43
185 765 75
140 601 87
729 572 24
808 84 33
355 802 92
239 546 21
868 477 67
467 39 46
440 540 51
230 606 78
566 407 18
89 9 19
465 579 50
764 724 48
195 107 58
749 149 97
153 103 99
636 749 74
680 187 25
716 813 82
741 764 43
818 656 72
656 588 58
356 645 83
217 805 28
583 921 95
597 686 56
221 15 27
788 154 8
651 596 17
238 668 5
231 498 11
705 543 80
646 30 35
569 271 49
425 175 82
524 19 51
502 311 49
861 58 58
266 377 75
823 510 91
601 662 74
609 728 75
893 598 17
161 540 50
783 133 46
212 363 25
907 560 60
897 174 98
48 274 20
657 547 63
804 561 71
569 58 76
256 235 54
264 31 5
310 313 78
179 395 27
483 235 64
55 227 96
188 875 93
865 795 64
408 488 89
755 906 57
559 764 6
833 610 99
342 197 70
906 194 28
656 545 25
919 13 56
138 106 43
762 870 61
522 560 99
886 308 17
249 447 4
597 216 88
274 440 78
719 568 44
226 20 9
556 650 22
537 301 15
5 732 84
351 389 4
666 268 93
421 79 92
894 435 38
917 434 17
818 92 78
172 37 25
643 416 69
37 418 62
52 209 26
246 171 15
466 6 92
659 493 80
685 708 98
514 112 32
134 515 24
831 841 89
7 905 36
413 409 59
204 108 58
660 269 37
915 730 19
400 911 36
38 586 15
93 160 54
235 811 63
832 564 87
885 576 86
696 453 91
43 139 82
923 319 31
667 6 7
273 760 69
480 763 31
246 186 73
399 418 86
617 27 56
529 754 96
525 35 75
728 782 71
458 124 17
189 140 28
691 82 67
466 778 89
784 861 63
772 103 23
48 366 53
204 744 67
333 878 87
801 251 98
209 485 95
520 423 67
166 862 98
417 330 96
339 255 79
860 848 98
261 186 97
394 217 18
115 259 22
106 288 45
43 140 63
57 495 76
639 139 88
547 398 50
631 615 80
655 472 80
915 185 71
337 152 47
892 448 21
599 109 35
350 123 50
160 439 35
549 772 29
726 308 72
416 422 48
65 232 15
719 237 59
328 346 89
344 417 9
546 183 80
193 252 42
87 598 58
778 576 93
642 655 67
280 794 86
666 284 96
473 187 92
583 6 75
146 535 8
483 82 35
732 603 19
443 479 23
225 188 90
670 93 20
411 648 74
711 818 44
788 744 12
510 195 25
352 914 9
862 909 85
410 501 63
399 154 68
39 818 40
881 138 35
306 418 9
54 897 59
611 286 91
368 332 33
112 385 7
297 138 91
763 77 64
406 339 59
491 872 15
543 176 56
890 830 82
275 275 91
776 732 93
195 811 12
284 400 67
698 857 68
427 437 21
813 586 40
189 282 57
446 22 88
24 270 66
671 17 18
395 415 96
553 257 43
745 329 26
350 320 70
317 236 24
88 356 6
903 252 59
893 733 26
875 472 51
847 707 1
390 638 74
726 318 53
542 690 62
694 438 79
711 433 91
880 266 29
544 139 54
810 816 20
674 393 21
537 279 3
588 919 61
21 360 35
565 318 4
397 68 47
184 109 52
332 244 3
828 199 5
469 633 57
408 590 48
82 505 83
90 358 45
342 836 43
709 587 44
666 831 14
273 321 90
734 791 87
726 215 63
675 438 23
410 515 11
364 384 9
343 676 1
84 282 31
892 773 76
269 409 54
888 90 93
319 97 98
624 272 91
415 302 43
424 723 27
135 182 8
382 323 90
286 737 80
836 579 91
30 358 30
723 558 53
670 209 13
198 223 66
850 218 95
326 10 39
619 122 32
668 877 41
839 219 1
244 420 21
316 533 78
371 90 65
490 384 36
900 256 56
915 836 16
872 747 86
237 839 75
913 471 5
714 598 37
570 763 15
774 408 3
585 518 70
708 221 37
89 570 15
788 773 90
587 879 67
371 35 10
679 432 74
473 570 85
224 23 3
582 135 43
730 834 91
773 213 84
477 529 54
775 537 59
534 53 99
216 265 51
921 520 24
570 911 91
65 397 63
274 789 6
326 140 16
405 309 35
873 780 22
664 265 99
335 735 75
812 58 64
902 700 6
832 442 32
506 560 32
498 308 27
546 140 61
207 491 95
572 69 29
558 821 67
93 438 52
275 252 90
275 834 48
44 789 25
17 751 97
599 542 56
883 431 71
332 497 52
378 135 90
655 168 74
764 639 54
457 233 64
192 812 2
421 373 61
3 839 20
198 626 91
499 792 38
658 847 56
224 285 93
510 455 39
789 610 85
622 788 18
813 233 63
278 667 64
479 302 46
863 80 22
859 278 52
848 288 18
572 788 43
409 201 90
82 303 36
4 554 24
504 287 25
54 299 67
598 397 28
607 418 60
609 155 66
214 40 57
783 165 87
52 59 55
877 868 55
378 867 24
297 659 77
738 184 16
263 376 54
58 872 79
170 166 74
188 849 44
231 632 59
71 72 10
218 876 52
569 855 65
545 423 48
418 807 72
203 354 6
536 433 36
18 397 35
66 801 54
630 321 93
456 561 74
659 34 89
920 369 51
825 23 77
549 377 76
747 527 41
249 545 80
202 876 85
230 192 75
92 373 86
466 63 45
881 845 87
7 697 67
241 148 22
900 200 21
574 163 99
164 531 59
600 388 32
440 179 75
202 526 43
336 782 74
883 291 5
353 869 14
52 69 2
759 346 81
529 608 28
597 221 55
704 799 22
123 202 92
500 193 68
778 672 75
920 92 99
658 292 40
505 139 31
394 771 8
744 653 21
742 580 87
764 839 40
306 60 81
732 438 10
886 719 75
341 76 81
531 74 46
160 197 98
165 659 13
300 692 56
297 145 78
188 657 48
581 565 70
278 496 37
524 395 8
742 198 91
745 186 36
433 280 29
281 558 60
626 480 85
729 239 67
615 321 33
255 98 2
784 463 8
858 272 8
298 658 93
566 14 10
389 492 70
510 424 11
839 282 93
297 75 48
452 142 43
718 660 32
529 795 19
743 421 56
748 468 75
220 542 87
901 717 43
621 808 53
545 399 25
329 96 49
313 438 44
843 663 14
835 890 89
463 778 4
678 281 35
797 659 70
850 270 65
164 297 79
536 210 2
62 146 57
252 500 11
449 235 88
853 401 27
91 670 65
556 730 99
490 708 95
761 388 91
78 558 75
541 213 43
112 10 71
784 300 10
802 98 27
464 312 77
42 733 12
853 99 70
863 744 62
255 58 60
618 393 31
892 707 44
575 154 39
227 23 28
704 698 87
156 395 95
688 809 62
755 318 28
544 371 21
320 339 11
566 651 20
451 34 90
912 591 75
772 447 49
748 846 45
461 447 27
597 805 63
335 537 10
887 186 84
64 560 100
875 682 66
23 355 49
419 582 57
224 554 21
396 813 40
754 672 76
145 650 88
505 189 68
190 559 55
676 916 87
47 676 74
823 580 42
606 425 64
786 359 76
742 457 6
94 295 10
793 87 46
393 919 7
363 764 73
376 816 23
718 115 42
656 433 29
50 631 72
608 427 6
773 476 16
773 234 21
184 530 23
375 651 53
375 281 12
491 152 82
21 852 95
886 250 39
540 358 17
662 691 44
491 556 96
318 49 35
70 561 31
894 395 97
62 549 41
681 477 19
361 566 73
302 576 60
81 918 1
140 233 23
654 785 5
210 264 99
758 590 16
895 529 68
564 657 59
365 78 91
805 444 44
450 857 97
431 695 17
373 32 57
62 91 61
910 4 16
281 60 58
811 835 86
513 105 3
168 496 49
857 720 79
522 906 79
529 870 82
156 686 47
13 436 47
485 785 23
496 188 17
363 372 67
119 443 71
907 356 87
816 314 49
111 918 60
671 497 61
176 232 9
915 590 78
636 66 21
96 706 98
232 251 1
595 340 43
85 912 54
895 694 54
110 300 17
52 888 14
356 865 46
65 858 77
196 71 91
906 776 91
680 809 85
173 750 80
555 506 21
207 604 38
477 36 39
717 161 53
59 917 4
633 471 25
850 175 49
775 523 6
872 187 91
314 427 48
790 684 97
833 334 40
519 436 16
456 381 32
188 506 24
85 38 100
68 660 13
685 923 79
74 899 63
130 38 3
282 120 93
897 219 21
681 472 83
256 859 47
286 5 61
406 381 8
504 108 22
271 260 11
348 642 58
277 468 2
542 775 85
396 348 55
459 34 13
874 478 44
738 717 47
245 589 85
884 298 27
904 535 80
627 634 37
334 257 64
563 86 43
819 541 72
797 496 3
405 903 67
839 247 5
766 110 86
703 748 58
335 319 94
260 613 44
705 254 84
366 160 41
722 656 61
494 6 93
63 643 100
398 126 20
387 368 2
836 466 91
382 731 65
233 618 66
433 310 17
210 359 60
549 869 6
417 169 95
828 400 27
405 121 23
451 705 44
407 357 58
499 899 100
606 720 54
653 878 23
627 265 2
793 645 14
515 18 39
533 634 98
402 178 54
815 337 38
366 544 22
806 133 91
113 673 20
412 922 19
375 321 35
893 874 98
199 421 83
343 614 11
45 225 59
290 684 50
157 393 5
821 181 2
444 877 24
377 433 66
746 326 28
634 907 81
334 887 91
256 202 7
640 127 64
317 220 100
24 538 42
705 854 3
36 158 3
157 483 40
693 136 47
429 808 98
695 671 57
624 286 52
218 708 8
747 161 13
23 772 99
515 748 27
681 423 59
844 434 19
688 440 67
296 65 11
669 646 45
588 724 60
811 293 37
696 664 53
482 294 4
682 822 45
757 529 49
553 74 44
742 799 48
62 316 43
332 165 26
448 716 70
175 229 13
519 387 81
440 429 8
216 394 81
920 829 22
664 664 48
129 440 14
402 778 31
872 449 8
675 774 65
218 464 6
368 146 33
14 746 13
450 31 2
526 59 37
874 885 18
764 725 44
351 834 54
723 405 94
325 13 1
42 426 23
455 172 91
656 253 24
435 730 44
874 645 65
699 654 55
890 642 37
564 875 96
666 57 54
689 200 67
591 387 27
294 284 17
50 403 84
286 808 44
460 8 26
660 335 92
393 490 8
657 893 16
346 109 19
593 311 100
508 196 46
921 234 20
640 525 52
789 431 19
390 341 10
189 231 60
800 407 92
782 804 69
526 918 49
376 908 72
384 920 46
108 395 98
210 575 60
540 574 99
443 521 70
775 909 63
713 293 100
360 582 99
877 121 41
549 92 70
645 469 38
530 212 2
364 680 11
88 371 20
175 181 57
508 601 80
793 391 11
918 723 83
0 213 63
135 438 78
623 59 98
140 183 88
220 628 21
697 806 28
670 861 24
654 2 20
366 742 20
344 150 16
425 852 76
897 731 62
852 329 45
907 460 45
179 817 31
8 5 74
114 819 96
785 813 23
776 25 5
119 729 74
658 895 82
654 336 49
353 921 28
213 125 5
649 857 56
314 29 25
629 588 74
2 346 66
714 840 84
834 51 57
281 770 10
322 426 10
547 314 83
562 574 63
791 159 55
370 769 98
761 511 21
540 545 83
80 320 17
796 379 65
706 551 26
27 852 41
785 37 1
177 788 85
818 275 22
308 822 81
592 793 64
310 816 85
200 424 12
14 882 24
908 808 64
569 156 49
878 298 43
673 59 88
746 214 7
300 621 27
680 843 53
392 11 44
830 498 85
816 113 87
286 199 30
144 320 51
127 193 100
27 172 23
356 225 77
230 859 6
744 649 95
139 50 50
291 613 70
58 423 22
348 846 69
886 718 53
211 238 65
94 364 36
656 491 76
211 907 56
663 819 79
818 686 100
800 403 26
673 615 2
638 796 59
601 660 17
256 119 55
212 285 53
441 782 95
53 555 34
333 385 98
801 642 66
645 217 97
48 253 2
157 159 18
382 726 36
563 599 44
698 906 10
888 597 49
745 717 100
286 699 93
632 298 72
476 333 40
219 261 20
10 623 52
275 572 29
60 728 38
657 171 18
75 253 64
326 639 32
850 650 51
468 231 41
100 726 35
438 172 2
395 872 17
470 340 27
155 529 18
544 648 14
147 439 38
528 185 77
326 333 5
902 565 90
86 525 88
749 210 95
372 161 87
583 616 80
397 79 19
300 211 92
551 548 5
420 64 22
562 801 97
377 341 71
41 158 22
115 798 29
669 582 48
49 462 25
773 673 83
726 388 17
532 237 12
737 898 38
404 430 88
694 93 38
579 702 52
862 852 99
65 843 75
104 345 24
663 574 52
820 466 66
827 638 52
442 686 45
424 685 66
45 386 21
562 448 51
251 103 40
691 186 82
271 598 29
406 525 7
799 527 21
382 449 35
858 84 79
656 769 60
333 782 84
389 593 63
103 719 5
745 687 36
483 189 32
381 125 34
467 222 59
693 350 98
813 896 28
647 437 4
552 915 66
169 863 76
519 158 54
94 331 66
791 423 66
725 51 99
24 336 4
567 523 4
113 572 96
550 374 1
183 618 19
451 776 37
791 668 65
497 690 84
481 387 64
702 368 67
67 290 94
621 327 66
438 192 66
755 635 54
636 152 30
134 838 81
151 353 58
168 838 52
190 105 65
662 318 55
437 916 69
369 266 78
200 272 57
817 498 23
550 795 48
77 505 38
477 77 90
870 814 44
324 649 3
597 108 13
401 643 91
157 633 76
666 557 87
560 199 65
913 436 24
705 23 34
852 783 18
551 750 57
78 321 50
154 509 59
96 583 73
607 568 37
842 307 56
91 773 31
636 224 6
802 359 100
82 787 59
163 84 35
684 719 41
395 755 51
571 889 18
417 499 41
559 446 13
273 429 61
204 896 76
222 182 72
470 305 43
483 696 78
574 506 69
711 25 81
633 354 53
702 810 9
186 4 33
833 678 68
785 256 49
212 600 74
221 124 96
586 272 82
40 310 90
882 288 25
162 596 7
542 297 33
644 381 61
185 921 17
152 595 28
302 425 90
779 830 46
525 70 17
520 390 64
757 135 8
416 570 25
823 460 94
381 793 91
905 771 95
675 596 24
53 894 13
811 71 42
128 590 82
476 570 58
792 130 23
803 292 1
324 370 30
258 759 17
362 369 31
25 111 24
140 525 43
98 273 71
902 436 16
324 238 62
555 245 26
671 306 15
754 230 5
3 802 17
440 15 91
420 304 31
876 411 62
304 226 81
388 281 12
245 780 89
321 676 41
646 796 61
80 650 94
753 376 7
307 206 62
889 719 61
525 324 59
1 870 69
365 484 96
733 421 18
658 425 62
153 666 34
605 235 30
613 577 20
870 220 8
303 678 67
878 284 61
717 851 100
279 859 55
817 116 51
431 458 23
711 700 19
719 886 13
786 696 11
9 300 97
741 317 90
454 730 55
185 1 3
489 639 94
735 226 21
808 520 84
670 571 16
358 620 93
480 37 76
73 874 42
333 243 41
11 271 10
898 416 32
355 167 68
279 83 100
721 524 52
426 668 100
149 68 90
338 345 45
921 216 86
912 831 67
275 683 85
253 31 30
332 913 97
352 857 82
318 520 79
914 246 31
142 911 2
406 151 26
498 82 51
55 580 85
377 678 29
664 721 92
761 59 14
759 282 69
783 104 74
56 486 94
870 254 63
660 299 62
337 664 52
34 418 43
608 814 69
353 82 53
492 789 68
629 632 96
806 605 83
619 508 30
761 38 87
362 526 9
501 458 19
597 384 1
68 44 33
339 595 85
789 870 44
243 524 23
853 198 78
77 196 85
708 755 51
128 529 93
704 209 70
312 359 89
192 531 49
192 533 75
119 715 50
660 425 38
152 190 56
114 353 97
471 514 53
576 706 89
551 18 20
265 315 76
312 882 22
813 711 85
889 879 17
785 922 45
762 816 17
869 467 68
655 260 99
400 413 27
212 462 16
917 735 27
298 604 85
290 809 68
775 79 80
858 489 16
827 875 27
514 235 85
193 688 68
559 45 21
590 408 94
897 195 10
688 142 7
270 600 62
638 96 11
849 136 45
195 112 95
545 513 77
265 586 25
850 196 48
620 849 57
343 49 74
793 346 75
184 764 66
79 787 11
183 434 63
11 652 43
677 213 99
483 142 4
399 301 77
504 585 36
823 670 18
120 219 44
384 326 41
439 873 64
159 434 4
473 378 78
702 897 86
901 253 90
560 808 32
215 131 91
468 899 35
620 316 66
331 903 59
15 741 28
271 298 94
262 465 3
488 197 76
477 921 59
335 782 8
69 51 9
550 909 88
554 662 67
127 809 85
214 309 81
585 217 35
544 890 3
117 749 67
143 754 3
436 292 77
433 325 18
722 834 19
307 349 23
187 702 32
3 642 69
601 607 96
768 770 96
78 258 68
591 779 13
343 411 12
295 508 1
91 237 38
181 510 43
863 46 38
445 35 9
227 689 38
611 275 62
555 424 9
394 586 3
603 679 36
113 470 28
234 63 15
156 74 55
351 487 74
170 848 62
215 624 41
481 443 70
201 99 67
854 453 10
515 308 55
81 160 53
351 216 77
88 140 67
767 317 6
850 690 51
760 629 28
882 379 1
561 839 42
443 646 48
148 813 87
432 672 30
912 247 6
914 772 97
607 568 76
910 667 52
536 107 10
294 524 12
252 705 69
871 647 1
316 656 3
112 115 47
586 547 68
851 358 81
47 116 6
477 463 49
81 38 66
579 251 72
629 747 63
246 124 16
123 830 83
777 390 53
862 210 51
668 283 8
158 748 33
887 448 94
710 368 49
687 630 65
134 617 11
98 226 66
856 157 18
846 198 42
233 575 3
384 17 20
370 568 72
476 281 34
6 733 25
221 432 87
31 153 67
466 576 52
860 88 71
264 809 16
827 385 67
274 564 66
103 245 64
206 366 43
520 906 10
81 881 70
96 379 72
90 367 34
833 54 75
497 696 17
11 65 63
684 34 15
340 687 81
605 355 14
397 556 11
130 667 80
406 273 34
737 368 84
170 408 64
297 595 30
727 418 40
217 442 84
540 809 23
316 28 84
628 476 17
747 19 47
302 610 59
184 354 55
312 684 34
787 566 39
1 372 39
36 649 36
735 126 78
312 745 84
900 540 29
68 582 60
418 812 18
903 201 97
744 256 80
534 797 11
96 493 1
338 267 85
381 658 66
305 457 91
747 872 23
403 506 25
652 52 57
278 543 49
19 802 51
157 575 17
911 674 88
512 629 44
396 53 76
558 624 92
639 389 51
827 55 14
407 62 70
26 553 48
26 353 50
541 465 88
867 901 90
243 870 26
484 815 51
691 776 80
805 280 20
520 102 26
392 785 47
503 454 82
621 691 6
616 386 3
216 203 3
147 480 28
126 148 41
18 757 87
566 870 92
170 242 11
901 476 40
904 767 51
50 576 49
86 432 25
330 665 5
357 701 31
53 876 95
503 585 20
644 414 59
215 471 36
912 293 18
186 114 41
414 597 43
209 425 98
214 350 67
274 648 38
768 564 63
302 694 77
517 28 2
620 745 85
424 312 61
347 464 79
419 468 41
713 53 48
238 882 38
624 801 33
205 659 71
486 321 97
490 487 18
855 582 27
421 296 91
908 611 83
820 372 85
229 820 46
180 133 86
687 868 7
163 627 15
754 668 90
484 314 16
93 323 31
268 790 16
600 585 29
592 368 58
548 535 27
286 762 96
888 423 96
171 614 33
569 500 93
567 648 50
97 323 87
439 59 87
303 576 15
757 364 25
786 469 67
830 632 84
412 581 9
219 206 39
339 729 41
691 592 97
371 498 69
481 770 73
867 54 22
474 514 20
603 214 85
602 23 32
545 769 87
106 662 75
912 209 19
881 745 87
805 186 99
297 296 15
716 127 71
466 836 60
459 334 67
551 226 18
169 348 85
911 734 68
624 97 58
340 301 69
211 805 58
676 705 46
820 568 98
475 628 72
269 253 2
123 497 11
456 418 11
840 734 39
521 136 35
386 837 76
616 187 100
693 582 66
160 93 89
230 645 90
685 749 91
302 212 66
635 200 30
301 285 35
802 816 35
736 286 94
605 322 43
617 161 87
249 546 33
103 277 49
83 873 22
207 13 1
70 380 86
360 291 66
470 628 30
363 447 93
47 164 57
497 863 67
720 799 55
123 579 83
159 542 97
833 432 36
917 673 49
192 87 60
869 235 99
33 6 67
112 759 94
221 854 37
848 634 18
165 397 64
451 637 1
861 515 33
105 483 67
408 264 62
348 345 7
63 267 53
177 546 16
821 811 62
135 195 77
186 651 80
558 324 60
658 654 69
153 524 3
820 716 45
881 812 10
544 19 94
915 111 32
297 634 85
119 848 100
419 63 78
656 738 98
552 219 29
73 28 91
217 137 7
731 727 9
228 834 64
781 496 25
629 247 7
529 569 100
45 55 23
122 267 91
5 102 33
20 427 29
684 858 93
751 736 69
488 52 43
646 368 55
774 36 11
917 385 67
3 192 35
481 805 13
584 269 26
440 503 89
259 915 28
392 593 74
175 109 28
765 704 3
80 431 2
890 854 11
415 831 64
359 93 84
520 714 90
599 281 30
463 133 61
14 628 6
375 905 44
44 895 97
796 214 87
164 718 3
645 638 28
216 864 15
399 836 93
379 305 35
426 279 51
658 622 48
572 256 20
768 448 81
270 61 42
125 622 26
360 157 32
628 333 48
868 714 49
460 707 65
153 422 80
387 261 48
917 739 50
138 164 11
722 905 96
378 224 89
885 126 34
41 620 41
161 130 4
106 195 60
330 587 80
540 297 23
680 412 38
712 894 44
278 911 41
891 690 18
560 582 56
666 227 1
316 486 1
405 622 13
409 177 67
691 325 41
676 694 52
625 254 34
300 674 32
250 887 56
443 790 22
137 127 64
311 597 40
123 409 34
56 751 4
63 101 43
426 286 72
360 797 47
444 171 70
156 796 90
635 207 51
544 443 63
178 699 10
508 849 20
32 470 7
675 914 88
161 276 80
85 38 9
531 396 96
321 411 38
500 775 73
389 751 100
267 396 80
464 12 34
342 425 79
616 904 16
853 231 93
913 879 79
826 398 62
86 715 53
841 825 45
535 98 73
610 532 9
73 907 81
446 180 95
273 694 11
81 401 91
6 228 87
94 36 8
66 295 76
248 410 49
335 379 11
672 536 48
130 166 63
13 88 86
234 901 80
880 189 3
343 79 21
171 546 33
760 52 16
180 601 51
214 131 96
3 553 24
89 170 95
261 146 43
357 234 90
476 460 29
360 802 67
646 325 96
646 702 83
753 887 39
240 534 75
854 491 17
390 295 65
107 111 27
187 870 98
672 3 50
80 311 98
25 394 92
10 167 46
879 190 33
196 603 83
422 914 86
269 627 91
156 311 35
165 620 87
492 861 74
651 485 59
516 726 42
439 52 2
310 528 32
535 918 89
124 212 64
374 609 6
811 521 10
60 795 14
115 598 61
108 523 26
60 202 88
847 499 50
807 184 19
618 758 55
234 69 5
107 98 76
508 321 86
375 671 51
7 486 49
189 419 73
703 481 32
381 613 42
498 552 46
678 502 16
617 54 98
280 905 75
849 357 10
627 773 25
330 41 41
597 246 29
477 896 86
356 828 75
793 840 48
92 474 92
429 216 12
124 334 2
837 65 22
274 645 88
2 463 31
637 279 86
105 6 62
39 601 13
329 65 44
407 537 42
918 727 86
760 560 17
426 840 50
424 371 33
434 95 65
858 367 47
112 358 30
304 815 76
282 59 53
15 835 25
866 766 97
403 249 33
85 149 37
257 789 72
217 355 96
913 289 85
552 912 97
553 575 51
912 394 86
384 646 8
882 268 15
677 542 34
785 543 90
113 338 73
56 735 30
418 284 18
674 0 11
452 425 82
178 759 97
702 438 80
320 494 80
86 762 97
758 835 98
269 388 50
916 773 81
86 909 86
610 337 14
379 269 78
413 71 91
860 106 54
145 464 86
851 302 33
101 144 1
496 641 48
726 40 56
504 483 71
135 133 21
802 694 31
5 607 75
446 352 82
391 512 26
95 92 32
583 603 13
338 494 25
901 848 77
192 875 65
838 570 62
629 62 48
540 623 18
738 593 59
771 670 19
875 720 58
115 344 44
650 587 21
426 479 70
337 417 86
431 95 77
646 201 99
844 538 5
103 642 47
259 420 96
650 216 23
260 240 29
169 905 75
93 47 34
269 777 46
441 149 32
515 323 59
685 855 8
168 269 55
560 899 83
195 292 90
284 313 27
46 885 4
914 359 51
491 187 28
197 393 6
286 272 26
141 387 36
365 922 66
420 464 40
382 852 5
651 137 20
579 573 95
905 653 97
48 767 88
580 735 78
95 664 77
86 33 56
587 846 43
285 732 78
332 359 95
624 814 96
292 49 63
647 368 92
712 917 67
544 225 41
335 609 67
106 349 69
196 601 49
614 5 42
834 790 89
855 506 94
697 704 47
708 593 99
85 549 15
852 197 89
112 82 51
181 11 4
79 535 89
678 701 91
851 841 15
514 499 69
8 345 11
771 453 20
571 187 56
838 634 3
316 28 36
203 12 14
332 148 71
578 49 29
870 896 19
349 597 96
336 746 41
874 684 48
207 668 94
866 12 91
241 162 41
31 236 80
13 877 14
784 692 14
721 673 100
47 34 26
103 661 6
737 628 39
16 48 5
515 476 63
742 881 19
632 505 43
145 713 67
134 921 76
463 594 40
50 560 76
26 434 1
865 672 93
53 344 14
526 885 94
830 708 24
186 922 77
606 136 1
63 541 3
404 553 64
47 663 79
722 196 67
683 75 24
850 393 9
916 692 75
818 666 97
228 650 44
572 671 37
210 407 36
184 654 60
127 325 41
152 279 72
922 595 65
321 566 16
158 796 63
204 659 68
605 410 3
303 799 13
707 339 68
319 886 83
802 881 77
597 402 9
839 457 6
384 654 94
243 547 65
481 649 82
493 287 100
632 266 24
878 423 32
126 744 41
920 7 8
142 353 52
708 105 92
91 721 2
855 276 66
662 138 60
151 252 73
147 367 6
839 804 29
300 224 27
1 250 5
723 643 44
692 822 16
644 595 58
234 883 46
518 128 77
146 522 8
540 193 32
621 263 64
260 189 25
808 735 70
92 823 19
660 880 96
579 826 70
759 815 89
377 688 8
134 57 59
495 685 38
783 250 8
369 184 83
585 886 91
140 820 49
17 365 65
51 350 79
414 252 27
654 687 89
634 358 81
485 387 85
905 872 4
553 822 79
750 82 61
90 310 43
319 97 99
127 844 27
371 326 72
701 93 5
391 343 30
383 165 84
49 15 64
17 379 8
369 576 100
436 151 74
197 612 35
294 786 28
185 893 37
672 64 73
520 435 93
579 429 17
214 121 64
343 399 35
825 797 14
337 861 37
116 430 87
628 484 98
364 871 59
495 136 64
382 837 100
542 678 52
428 255 51
461 754 17
349 261 17
395 125 55
82 259 57
394 517 61
633 208 91
358 270 5
287 424 89
416 761 14
869 723 41
192 91 73
558 222 82
542 113 78
603 747 8
647 847 5
350 272 55
136 42 26
91 617 11
571 182 77
552 648 7
324 364 98
789 623 12
361 791 1
287 382 72
820 7 31
733 836 79
629 663 14
724 458 8
545 444 37
173 183 39
563 283 58
324 736 70
328 841 55
271 555 31
859 190 42
41 915 72
671 856 4
63 767 51
39 740 66
333 602 26
47 372 12
13 462 38
578 462 17
243 575 63
16 322 16
243 874 1
810 827 93
512 730 20
2 82 11
637 808 54
798 473 18
637 199 77
344 42 3
865 103 44
718 94 51
39 883 44
55 833 60
470 540 72
641 354 67
261 17 10
918 549 92
54 830 64
458 301 100
691 553 7
604 523 47
276 406 23
455 250 77
136 895 98
746 695 42
921 759 96
219 242 1
160 334 32
72 168 35
314 613 21
102 688 82
611 187 13
891 546 64
343 496 33
196 418 76
746 17 32
533 796 6
435 833 91
883 477 85
869 459 94
501 874 20
888 637 58
238 167 50
584 754 84
425 459 13
694 462 81
842 505 8
511 177 45
562 200 58
308 442 47
623 96 49
892 622 66
891 19 46
523 705 8
540 349 26
743 750 11
867 535 73
639 487 34
821 89 83
777 781 40
94 458 4
765 780 59
83 467 14
90 14 74
746 843 52
317 533 6
218 600 87
185 550 68
535 882 16
54 513 50
607 910 8
471 448 63
716 129 9
175 137 3
95 274 74
32 561 26
66 732 5
98 177 99
910 880 74
754 361 19
100 288 47
534 79 12
817 473 54
500 207 30
136 851 63
348 189 39
355 318 19
642 428 76
693 860 86
448 211 90
434 239 71
11 256 47
141 71 70
504 566 60
272 572 91
684 150 58
674 470 37
19 298 74
339 850 37
453 546 56
922 466 79
468 40 22
794 851 45
222 791 2
272 358 61
873 912 96
584 599 90
659 825 54
546 190 52
369 433 45
739 758 15
434 289 94
305 646 96
537 69 43
172 814 59
14 131 16
3 566 7
428 513 15
766 455 43
829 226 79
669 137 21
609 579 66
624 110 86
143 377 92
853 365 14
193 313 71
861 875 27
762 838 11
279 522 31
522 449 99
775 331 100
145 195 72
533 111 31
779 9 92
244 234 35
440 711 98
283 766 70
609 572 31
426 55 91
215 706 62
885 120 59
167 644 24
922 489 68
51 902 42
56 758 43
709 289 4
184 354 68
359 776 89
33 375 65
369 751 82
778 902 93
520 220 43
487 47 95
366 91 100
662 18 40
648 13 85
482 157 43
819 394 73
445 504 97
70 483 51
808 564 90
617 120 75
159 355 69
478 202 48
284 165 42
483 465 95
73 449 74
268 748 31
382 309 91
882 583 86
263 153 77
581 536 92
727 66 21
796 872 71
887 407 2
774 788 25
403 355 64
329 530 59
710 150 88
62 632 94
84 540 62
769 436 36
419 884 88
832 672 61
386 637 82
170 843 82
5 725 57
295 339 12
40 732 70
211 264 33
754 318 6
597 151 13
886 615 18
295 438 24
438 47 47
139 751 7
603 680 7
75 520 100
17 540 74
362 811 50
441 294 7
477 380 39
843 393 51
279 583 89
461 532 99
661 177 43
486 125 16
693 365 33
712 157 89
447 196 88
306 908 4
920 257 18
574 832 73
216 347 26
556 804 21
643 892 7
467 840 70
315 660 62
436 853 52
99 481 87
640 404 14
400 233 12
878 587 16
695 433 22
385 340 47
883 823 9
293 650 96
860 706 38
710 259 67
670 673 22
312 761 99
889 707 22
179 254 91
458 843 48
269 639 86
625 894 1
345 182 68
469 385 8
635 294 70
409 179 9
19 201 1
29 851 79
683 107 95
217 337 91
278 275 62
472 742 36
791 52 85
590 16 16
85 16 53
903 449 2
704 689 13
369 566 70
649 555 43
210 205 53
115 525 1
300 198 24
597 386 52
642 779 5
863 256 9
799 3 41
437 116 100
115 173 58
153 790 22
607 641 91
593 684 60
176 248 47
301 84 9
790 587 16
273 716 29
468 206 37
17 568 44
194 22 9
141 611 44
412 711 100
249 675 78
248 49 79
716 581 66
147 106 1
723 874 49
638 847 8
786 235 14
87 701 96
80 190 38
917 910 43
307 727 97
89 706 37
467 873 83
820 633 53
525 911 51
372 442 58
448 909 17
21 873 87
197 134 54
563 768 3
346 696 53
27 36 45
31 912 72
253 32 94
627 907 34
543 545 53
380 702 97
102 316 18
534 501 94
468 9 94
618 870 13
711 752 48
84 508 81
229 170 80
252 562 64
672 610 25
235 599 31
709 833 16
83 808 29
99 306 58
392 134 13
450 756 96
142 602 46
470 850 87
215 502 80
380 543 52
105 399 66
348 628 39
145 102 42
741 750 98
233 573 87
96 881 42
217 247 26
593 477 1
864 595 4
719 737 39
781 193 35
183 471 49
918 764 8
804 649 100
33 350 45
772 644 35
474 179 94
588 475 81
385 447 59
413 18 30
314 234 36
800 195 33
841 75 85
412 435 90
339 25 77
479 652 42
829 707 15
512 537 70
370 739 11
363 449 8
67 213 47
854 187 18
19 23 87
328 270 24
289 174 97
236 136 96
816 417 2
885 789 14
120 527 60
545 35 50
641 513 76
135 837 48
208 404 56
775 282 100
664 46 35
109 779 99
269 635 55
700 688 84
140 453 69
1 646 36
104 35 97
624 50 47
875 505 63
142 153 13
23 441 50
0 476 4
620 686 16
458 37 31
2 465 39
744 466 13
111 5 54
587 465 87
859 83 64
547 517 14
561 390 84
126 243 48
917 753 93
717 781 94
345 918 32
454 92 64
29 639 87
179 50 20
305 517 68
501 523 36
438 734 22
658 467 78
120 340 37
913 854 18
748 703 98
221 4 93
41 229 11
303 315 9
0 657 79
817 157 9
185 107 4
502 728 84
62 451 34
411 705 98
431 672 64
105 774 96
907 574 50
546 781 41
830 106 62
735 652 5
407 326 32
504 334 60
807 165 86
35 455 21
428 299 15
301 347 3
817 668 35
440 609 7
509 425 51
123 511 92
605 468 12
648 523 18
318 70 65
549 312 75
36 559 78
513 512 62
404 203 41
588 224 91
696 490 68
474 829 41
97 139 9
692 833 29
866 564 36
516 667 35
142 99 26
863 741 79
276 703 90
12 120 95
93 208 32
849 659 17
793 344 36
801 178 14
422 330 61
167 861 28
542 16 9
883 86 2
554 101 39
27 19 77
161 511 87
734 213 80
692 127 69
221 493 36
757 193 31
62 785 20
277 713 25
795 666 14
554 729 51
792 671 98
414 472 4
479 217 57
442 901 28
234 408 98
104 283 6
862 505 75
869 88 98
104 478 17
159 670 96
602 864 71
238 834 70
639 370 23
24 902 24
258 604 82
698 845 11
684 44 45
90 721 61
662 839 63
158 582 25
697 780 59
312 738 36
765 753 26
702 435 11
52 399 67
14 494 19
205 161 58
573 89 47
425 222 85
582 598 5
257 377 32
760 467 35
502 75 99
66 63 67
112 466 27
199 121 99
618 800 78
236 308 86
303 821 67
470 163 7
559 879 99
305 915 74
34 79 62
486 265 49
213 8 52
103 221 43
92 288 44
776 640 44
200 170 14
622 849 79
663 879 24
551 660 58
262 521 80
413 531 87
891 438 75
310 768 79
355 140 47
659 325 83
511 398 62
204 320 3
21 916 25
309 133 46
299 65 93
705 73 23
359 241 96
688 363 87
133 868 30
310 395 57
803 350 47
833 475 83
442 712 25
609 545 42
544 324 48
336 288 95
506 41 64
695 701 60
151 790 29
758 851 65
92 783 35
755 517 2
678 600 6
197 683 39
339 197 99
64 529 12
183 170 69
358 342 32
522 499 28
187 887 3
145 760 28
819 906 72
743 784 63
123 176 62
192 469 40
7 322 23
240 18 61
594 712 6
884 89 78
776 254 94
624 50 93
288 38 54
701 64 46
564 830 87
444 247 12
179 514 15
248 201 69
144 147 99
201 719 2
34 526 26
709 44 80
473 234 49
265 853 23
532 740 65
116 125 69
773 899 33
659 762 73
210 401 75
381 677 30
430 161 74
22 35 25
372 846 33
865 743 55
690 495 62
573 300 36
109 192 49
509 820 93
912 250 89
684 803 55
609 274 41
568 367 68
122 402 34
431 109 44
761 835 46
268 252 8
784 916 82
68 203 5
354 103 3
501 800 53
33 917 94
257 520 23
203 843 78
447 266 40
361 233 40
788 433 27
917 296 86
97 894 86
220 909 5
622 570 28
117 310 98
355 20 59
78 683 74
446 293 33
361 542 42
756 192 76
648 785 1
138 41 100
303 734 17
419 105 6
14 635 60
160 782 16
204 820 83
179 510 71
674 289 26
300 408 43
509 94 44
432 453 51
178 130 70
639 794 64
28 150 93
805 755 49
442 26 52
53 184 88
269 505 36
265 273 1
754 589 29
180 445 60
48 235 96
254 267 82
483 160 91
455 819 10
220 209 19
907 226 8
745 833 44
146 833 93
850 831 36
467 780 70
156 639 25
120 828 88
377 558 100
727 96 46
603 736 32
560 493 16
793 139 36
22 691 51
227 720 38
797 487 35
307 854 70
272 111 25
645 445 57
664 281 96
120 36 26
196 239 37
905 90 97
408 488 79
121 679 51
626 852 47
695 385 70
782 587 58
456 248 31
345 663 4
586 625 48
444 359 67
212 589 48
207 247 13
451 249 87
651 518 73
404 374 86
267 534 22
883 427 63
836 508 14
270 181 23
921 353 57
195 418 48
803 706 55
82 433 73
536 10 51
415 918 10
332 803 43
459 727 42
429 226 49
678 538 3
644 596 3
394 729 29
696 227 87
784 784 2
128 39 54
747 258 53
555 287 54
576 401 49
33 841 85
276 239 64
17 663 52
149 72 3
171 342 45
252 71 83
549 792 46
681 58 32
425 326 73
197 881 89
212 315 39
370 551 30
562 17 61
919 115 2
468 104 59
401 171 96
706 399 69
862 668 77
489 766 67
580 624 14
916 575 95
539 766 62
463 671 70
3 581 26
691 359 67
526 418 90
215 868 62
608 513 94
444 278 40
247 337 20
484 702 66
713 81 94
146 489 92
659 236 79
678 854 72
204 389 20
322 307 66
578 898 74
653 527 23
874 745 15
667 375 81
439 697 12
728 35 34
55 872 73
723 360 77
528 687 97
137 710 4
645 758 14
900 913 77
353 26 61
357 116 20
412 27 99
608 400 68
201 339 80
126 324 78
23 316 64
404 466 41
136 517 62
512 121 84
570 705 16
488 404 86
52 465 34
377 101 83
299 462 63
336 852 41
78 671 79
861 645 1
191 219 59
300 762 66
671 332 38
533 94 88
598 155 59
366 614 36
257 27 39
585 558 50
659 818 2
609 8 95
85 430 99
817 142 52
440 355 52
37 769 32
508 285 36
49 295 65
489 80 59
174 569 89
817 9 29
133 267 4
735 373 53
331 765 68
309 127 64
447 248 93
560 20 35
668 425 23
390 282 81
790 328 53
626 335 53
520 466 26
226 512 16
172 108 78
601 356 32
208 456 7
86 561 31
663 267 13
862 609 45
177 360 47
339 493 79
826 427 96
342 353 16
341 810 42
261 671 50
45 504 91
269 543 63
535 337 54
681 815 66
452 200 44
484 642 24
129 466 30
793 629 13
385 555 47
842 119 6
141 55 42
851 869 61
593 719 79
123 917 16
783 150 99
451 282 26
142 240 48
821 692 35
50 423 63
668 891 74
457 191 61
384 362 59
544 124 59
197 366 25
328 64 19
649 430 89
157 555 2
733 636 12
87 119 19
88 264 76
772 437 86
144 366 9
820 668 97
877 572 58
471 914 27
186 814 44
686 447 98
349 856 45
437 152 27
19 690 16
906 524 41
817 606 3
237 582 17
408 157 96
533 374 59
875 110 48
23 754 6
233 156 29
906 655 96
624 73 83
57 319 98
914 84 62
720 573 86
15 546 93
679 470 45
221 202 80
436 92 96
452 159 50
797 724 1
484 533 44
41 677 48
345 556 60
60 726 32
332 381 67
577 82 63
723 473 6
68 687 38
770 172 25
124 912 9
568 585 46
309 218 49
779 65 38
248 54 37
830 335 92
537 604 42
175 861 53
131 763 63
75 149 28
471 898 5
180 390 98
478 527 70
760 511 54
833 674 49
482 915 44
839 31 74
709 279 48
141 627 53
633 142 40
883 300 73
550 79 5
202 507 19
258 42 14
371 154 22
689 885 34
595 271 86
415 317 74
739 634 35
583 747 87
787 338 5
40 175 90
273 170 49
301 390 99
179 633 11
703 177 87
763 661 31
716 284 48
390 691 17
776 155 97
412 731 71
505 299 90
515 509 51
666 48 25
209 723 52
652 245 76
507 108 37
391 300 19
428 464 40
63 263 34
90 534 40
383 598 53
540 658 71
288 418 45
123 32 45
353 625 43
169 598 34
4 539 89
123 131 22
857 173 80
155 289 26
334 280 60
63 22 62
47 78 22
781 805 65
600 255 97
550 156 13
181 831 86
714 182 50
348 844 36
734 877 94
424 325 79
563 505 70
880 667 64
43 500 80
625 619 98
485 871 27
664 688 32
779 376 2
322 424 51
471 33 13
2 660 94
622 112 61
600 521 82
581 399 52
877 748 40
293 258 55
320 789 45
887 860 8
625 889 36
146 691 84
656 546 22
789 18 4
579 91 2
354 883 37
348 428 5
868 491 74
428 87 90
722 267 72
457 886 61
194 199 52
661 600 96
469 911 16
89 125 52
540 703 45
263 427 1
651 910 24
658 471 72
112 600 3
753 194 99
84 156 100
901 225 24
562 578 81
532 895 72
161 508 20
231 251 85
240 196 57
413 177 92
667 767 49
427 197 31
466 849 7
510 917 97
370 134 66
282 295 60
508 200 45
590 200 9
908 728 80
696 443 52
411 914 79
531 820 48
843 455 70
453 663 70
791 138 12
460 438 11
610 141 12
273 241 95
287 702 95
568 29 49
75 51 4
688 923 45
715 752 32
878 689 96
747 390 87
749 664 83
779 462 7
722 852 57
819 279 89
490 429 76
93 576 99
753 910 25
302 761 47
102 175 22
101 389 7
905 325 32
257 209 94
439 113 94
6 150 86
660 35 4
618 230 29
216 246 78
5 627 61
580 348 62
601 779 97
458 333 83
609 874 74
808 713 74
798 503 54
626 412 68
829 238 57
881 310 4
556 424 91
676 164 51
170 697 87
604 156 72
323 688 34
19 913 40
89 306 43
732 494 99
132 588 41
770 487 69
86 503 20
112 594 40
438 278 16
549 857 49
788 751 57
219 310 3
45 206 35
97 339 16
497 53 41
281 729 28
667 534 90
191 421 20
190 681 35
906 696 84
340 856 61
391 513 94
111 79 70
129 45 64
848 349 42
862 5 52
605 350 6
35 30 75
844 832 49
53 157 60
288 685 38
906 776 59
177 824 38
82 13 50
764 602 22
906 906 100
788 251 63
598 148 46
885 529 86
307 38 97
518 452 81
181 277 69
524 793 65
621 375 52
544 556 50
474 531 66
302 478 47
752 797 77
724 294 89
104 879 13
598 185 38
778 320 2
184 145 97
750 226 24
94 337 16
576 114 34
165 171 39
828 886 31
159 187 47
719 908 5
252 339 59
229 474 78
787 294 19
97 615 69
96 211 99
482 554 73
545 230 84
523 501 78
263 713 71
455 17 56
24 91 71
185 644 8
726 308 6
684 742 77
663 840 46
349 682 53
529 176 78
2 641 72
696 145 93
373 172 66
465 279 98
549 730 37
114 11 17
789 423 48
661 650 88
12 305 29
770 661 36
28 73 52
828 557 39
16 814 67
199 72 55
571 522 53
224 462 96
242 49 86
561 99 96
736 499 97
421 629 100
335 717 10
67 701 76
553 505 15
285 885 66
761 117 51
124 295 77
446 122 16
703 447 59
360 496 65
468 255 29
640 885 12
339 197 19
334 294 9
473 511 77
68 380 56
185 489 95
290 705 81
629 590 65
377 78 7
883 740 93
705 446 29
843 313 82
438 645 10
694 474 32
871 681 10
638 894 87
60 502 21
856 716 56
140 147 56
491 325 90
487 428 23
855 466 3
713 359 32
814 671 55
55 86 14
374 523 27
667 733 83
832 407 22
231 92 86
609 483 63
416 70 30
352 452 97
178 337 68
292 516 89
542 102 87
699 295 69
690 163 47
277 684 66
189 108 84
755 491 98
431 297 42
66 190 73
852 812 100
473 383 58
437 631 31
778 728 3
427 866 36
383 533 3
590 757 92
473 242 47
253 51 48
616 426 94
439 568 77
783 66 54
357 530 87
287 818 48
740 746 84
130 860 74
562 760 96
51 269 84
443 860 61
215 161 51
836 402 51
237 655 55
23 350 73
191 896 81
502 164 44
31 509 95
559 156 18
720 344 60
847 39 95
497 134 71
71 148 20
774 489 30
550 507 90
51 534 56
569 769 92
821 825 83
70 383 48
422 909 62
440 242 82
325 651 50
794 398 62
706 275 30
127 565 41
420 885 46
257 868 36
828 360 20
558 339 63
817 840 31
666 195 98
604 139 18
239 728 6
350 213 80
416 359 93
614 41 18
682 871 28
620 873 89
345 608 46
689 361 61
410 696 26
366 653 53
173 186 45
54 298 24
817 415 83
236 656 55
382 120 87
126 914 33
191 481 60
350 546 78
867 363 82
736 65 8
800 819 32
333 152 68
162 627 98
715 885 76
339 654 20
239 70 35
159 607 74
407 709 2
535 538 5
7 761 31
590 585 40
800 436 43
262 471 61
61 898 43
717 389 71
99 478 27
865 614 11
695 80 4
316 235 15
369 427 9
739 858 58
845 854 77
350 533 87
334 700 10
348 233 74
42 331 24
206 243 22
806 179 7
78 127 16
394 456 98
842 626 43
36 890 62
397 574 60
870 8 37
11 400 28
32 739 18
464 620 97
300 543 32
246 209 86
288 767 79
160 691 32
773 162 77
515 875 12
575 285 53
880 329 17
289 274 43
313 488 77
300 390 57
423 849 36
359 580 63
379 449 24
822 392 77
47 310 16
558 297 35
906 780 32
382 268 93
86 364 42
669 243 14
379 351 29
475 501 55
827 737 24
545 669 24
915 620 82
882 703 76
690 412 36
674 411 78
702 641 83
317 885 18
846 565 61
638 799 87
290 608 79
209 740 30
497 21 34
57 784 69
569 869 76
772 624 19
694 807 20
473 316 58
810 120 92
254 780 25
779 153 17
542 409 8
237 817 25
49 826 63
297 76 53
716 872 32
697 523 12
660 281 76
62 342 97
61 688 52
584 121 14
920 837 5
525 53 63
810 866 60
326 337 7
58 709 49
109 81 83
334 366 50
303 275 93
173 559 71
619 3 68
165 225 42
283 794 54
736 372 28
450 98 70
380 77 60
895 121 62
457 71 40
695 588 27
774 775 69
395 777 47
48 529 54
794 229 76
7 660 74
31 364 90
722 911 61
793 593 76
512 369 76
779 382 52
22 408 71
239 427 77
147 168 2
191 192 59
215 441 54
672 806 67
673 859 85
712 77 47
61 28 74
700 88 9
527 868 13
605 405 40
374 201 16
78 126 21
326 750 42
389 366 49
540 613 4
295 864 8
742 889 80
382 746 68
772 436 42
360 568 21
895 397 36
528 795 11
895 621 81
737 383 36
670 69 13
512 677 83
817 210 54
640 504 23
645 62 3
501 653 39
388 861 88
642 669 36
761 365 28
817 293 74
342 319 8
757 52 21
639 100 1
131 652 78
742 347 66
144 451 30
287 526 71
509 48 22
438 64 91
380 232 93
789 923 62
521 895 31
818 157 59
220 624 33
200 602 67
250 554 67
798 397 52
324 388 100
833 664 79
641 206 91
105 411 77
762 737 10
847 402 73
213 425 92
477 75 62
733 149 99
149 908 69
9 917 65
472 671 28
564 130 32
148 167 39
729 19 32
242 130 72
611 8 76
508 69 42
373 110 74
517 679 1
785 712 10
176 31 93
578 232 29
210 679 87
391 583 100
829 634 72
174 279 97
33 56 92
581 221 79
68 599 33
282 749 59
903 189 82
231 167 76
87 753 22
899 138 19
68 500 67
570 112 36
670 246 27
410 451 61
804 786 60
465 720 20
172 135 33
609 848 95
16 235 77
275 191 40
861 197 66
692 231 5
850 922 99
655 845 6
155 41 13
33 623 1
383 920 69
331 16 42
408 911 58
517 564 22
673 293 64
98 350 93
139 592 42
635 177 38
889 420 32
865 77 100
784 273 33
375 253 32
390 1 96
842 725 75
634 84 60
800 715 68
99 916 91
497 352 56
499 526 38
595 756 1
372 183 62
419 698 85
623 907 80
904 151 4
447 457 87
876 128 61
534 99 21
258 644 29
164 52 75
712 679 91
713 354 41
899 795 51
379 110 35
502 298 97
197 675 62
426 17 41
501 180 37
702 106 29
238 877 29
542 920 43
682 94 31
370 46 35
142 750 18
293 895 30
796 151 22
872 250 63
45 381 74
318 437 77
923 794 76
567 225 32
882 276 19
371 655 74
786 27 91
248 902 55
501 204 2
34 158 77
794 588 49
663 473 9
541 782 85
435 779 80
306 254 93
827 151 53
889 918 40
91 438 15
729 272 30
122 324 26
814 698 82
521 810 90
160 919 92
674 825 60
695 724 93
279 270 90
820 477 8
362 909 24
536 510 51
563 613 25
253 512 4
374 59 97
849 568 12
572 512 23
787 291 66
32 382 10
600 452 60
171 57 6
257 461 39
698 356 1
815 418 67
387 382 29
655 545 36
252 53 46
424 777 33
14 363 18
461 290 50
682 787 34
604 271 36
126 488 85
501 790 31
595 188 67
626 341 24
5 791 73
839 519 80
7 29 25
577 631 65
628 886 66
176 727 68
551 814 47
0 759 81
198 755 81
885 333 54
723 342 88
794 881 37
565 528 49
87 326 86
891 668 25
415 284 75
82 250 59
379 817 78
816 309 64
109 84 90
320 433 9
752 536 48
51 329 42
533 361 85
140 777 42
417 646 12
564 593 66
225 63 66
590 130 10
488 686 85
5 383 47
811 135 39
419 2 6
302 162 65
912 601 41
705 113 19
126 392 52
689 349 50
755 765 68
128 380 10
186 468 94
808 537 28
48 862 1
739 248 83
388 902 40
819 384 28
354 643 1
736 307 4
261 233 39
446 86 67
211 440 80
858 920 52
195 140 60
809 64 3
503 185 87
114 708 89
224 869 26
613 532 41
430 497 71
657 383 42
333 146 77
821 202 74
59 253 67
692 408 64
286 376 9
645 250 79
549 590 84
510 137 65
518 784 79
24 583 66
563 433 19
550 150 1
94 97 67
89 412 26
504 372 56
840 593 8
18 832 51
692 601 15
196 299 47
843 698 69
848 422 23
835 11 52
210 913 24
186 493 61
310 856 42
568 714 84
674 789 20
397 637 90
247 738 100
306 671 59
554 169 31
883 495 79
226 717 39
508 106 58
251 690 57
548 677 1
703 676 49
523 809 10
51 751 49
333 257 92
271 910 20
648 220 73
39 699 17
124 731 82
923 473 94
86 482 96
375 570 68
507 263 1
440 743 86
104 85 96
456 299 33
804 275 68
694 66 3
390 917 44
834 805 62
690 254 61
92 351 56
915 25 97
527 449 61
341 850 75
877 820 74
112 643 32
736 551 66
504 139 87
261 356 75
30 804 18
267 693 19
517 501 56
382 715 4
193 69 54
501 16 97
157 887 79
849 865 54
409 381 15
279 219 73
405 659 94
140 97 53
561 683 14
334 911 2
509 824 42
819 656 22
66 895 66
335 561 81
320 514 64
677 157 59
550 661 75
809 30 23
482 588 100
753 918 89
281 666 26
165 920 27
153 715 100
277 624 54
351 165 11
607 374 30
203 219 80
442 377 97
754 530 89
700 7 51
6 609 60
698 376 24
267 181 51
432 381 44
551 749 8
96 115 33
463 501 19
355 109 11
100 125 76
806 692 5
830 568 32
516 223 94
540 218 70
758 757 46
51 404 50
502 207 74
269 522 81
270 546 55
261 132 21
794 426 46
589 156 21
905 886 34
383 537 92
921 467 28
263 668 2
740 150 37
55 911 99
823 303 41
741 839 59
189 805 34
20 728 68
899 708 51
627 424 62
216 60 11
365 457 37
595 187 73
46 369 37
684 147 62
706 37 58
163 341 95
599 605 64
429 51 82
55 359 90
677 787 47
784 210 99
469 679 86
661 871 43
599 21 32
728 271 76
568 233 7
389 809 22
874 185 65
808 704 77
688 733 30
779 498 19
164 702 58
638 858 96
458 521 71
591 291 30
273 149 95
326 103 40
147 893 17
628 844 83
218 556 42
392 486 52
132 74 51
210 86 76
555 509 93
735 760 91
141 345 60
83 153 95
559 562 73
637 112 7
833 141 96
634 798 96
422 254 6
772 664 87
476 47 87
679 913 42
23 273 11
750 778 24
97 159 70
323 556 14
804 365 33
426 33 24
283 13 9
3 408 6
428 633 15
201 801 34
670 334 89
221 532 23
176 20 30
237 423 74
186 319 87
251 276 29
582 58 96
188 336 61
101 536 29
216 366 4
710 411 87
606 766 2
564 290 80
573 509 31
610 13 65
177 1 91
45 223 95
600 608 23
162 336 42
869 717 15
159 495 4
305 66 86
810 117 15
637 86 5
761 884 54
358 861 90
521 600 9
816 575 66
892 85 92
747 316 33
722 323 69
282 347 72
241 32 84
195 482 29
505 76 43
14 810 10
276 828 63
808 376 63
863 396 26
145 377 21
852 686 13
789 251 17
283 210 37
90 655 17
824 804 73
333 656 10
18 30 60
829 8 66
614 137 19
649 597 77
802 121 65
598 627 58
910 641 74
180 445 44
868 663 28
423 39 56
594 443 5
904 316 96
176 409 94
413 578 54
589 436 54
361 125 14
774 86 99
776 283 55
95 140 91
433 401 6
507 529 77
478 838 96
792 713 73
95 685 72
448 272 54
898 130 25
405 93 47
193 652 59
751 88 68
431 239 58
149 332 11
693 211 23
477 104 36
692 694 48
383 618 76
641 309 75
441 614 52
492 839 26
742 863 12
583 736 7
864 865 59
382 554 99
322 25 69
543 921 65
425 809 52
806 465 18
493 816 24
675 720 54
372 48 98
327 78 78
611 109 93
245 117 5
814 708 50
905 745 68
598 817 50
100 271 40
171 243 82
263 458 80
311 649 67
402 657 54
152 251 87
110 473 99
831 698 43
7 877 38
209 661 23
522 566 27
157 378 90
107 849 1
880 814 10
334 784 41
897 91 95
110 680 84
544 771 75
75 66 16
902 589 20
148 629 85
417 890 26
594 550 20
720 647 45
348 321 39
568 329 16
323 358 33
554 756 74
649 451 70
411 212 67
342 740 34
583 599 93
384 254 57
859 904 61
376 326 26
887 305 92
390 678 43
698 107 28
635 483 45
590 334 60
407 783 24
360 339 68
635 625 65
760 830 100
701 243 20
546 881 89
469 916 72
677 91 42
81 644 95
371 823 16
327 544 39
85 836 67
315 555 4
631 238 45
814 548 64
191 563 45
524 632 81
917 671 51
436 199 57
64 824 77
658 781 77
241 534 64
486 139 1
805 201 31
274 345 100
191 237 23
61 328 36
441 525 28
199 735 64
324 398 92
685 859 32
238 140 67
499 817 40
879 459 87
807 358 89
820 682 16
649 73 10
887 72 82
893 306 39
573 389 61
93 618 15
8 651 22
53 695 14
272 913 30
215 294 27
652 480 61
910 602 60
76 743 5
428 812 51
849 204 65
274 551 17
560 386 32
700 349 50
788 425 84
208 786 38
782 857 19
903 261 76
97 52 72
906 275 28
608 402 26
303 588 38
778 654 62
553 75 15
80 37 75
65 51 71
422 737 89
158 670 80
572 445 8
379 474 69
600 822 49
157 257 41
85 223 89
241 750 28
265 876 37
172 643 63
166 57 37
422 501 28
875 665 41
729 405 18
489 467 56
255 781 18
346 846 96
909 161 73
847 201 89
455 774 1
737 536 48
892 153 77
324 709 74
837 694 38
919 54 64
887 300 80
441 336 49
186 90 93
585 50 84
478 389 51
54 283 76
820 852 45
29 816 28
488 600 48
385 68 42
613 862 83
528 219 41
385 719 68
166 823 17
485 398 79
24 690 61
74 809 69
17 920 4
654 489 36
528 88 38
447 306 56
320 10 91
1 681 73
586 195 99
493 398 49
756 66 89
151 772 58
216 870 35
652 720 66
273 512 2
770 851 49
106 71 16
289 210 32
268 678 67
86 460 2
836 531 79
33 878 48
162 431 3
740 780 25
216 430 66
365 40 63
678 486 20
85 137 62
104 559 27
98 378 90
310 876 54
682 88 16
366 749 59
221 721 25
827 889 71
588 815 16
92 21 52
65 39 96
55 54 1
39 394 53
171 71 75
846 740 30
541 68 85
431 379 25
519 556 31
729 267 5
560 553 18
877 625 23
779 530 94
734 26 98
804 249 78
89 702 95
11 392 2
193 415 62
27 289 75
134 633 96
467 761 77
49 851 21
728 111 15
56 267 96
311 375 62
516 203 72
311 634 47
71 157 2
399 488 29
99 337 21
512 712 30
208 407 66
22 884 90
47 369 54
789 202 82
887 793 14
146 400 50
736 839 63
864 344 31
116 176 10
109 172 73
330 286 13
453 586 79
327 259 32
796 17 44
343 158 80
486 448 27
544 24 50
727 289 3
907 238 77
117 338 13
353 649 25
897 274 71
408 596 4
715 361 83
582 601 23
481 346 43
162 498 73
808 112 44
192 908 70
771 709 9
455 376 47
214 594 61
445 54 83
195 630 57
624 516 44
206 98 7
91 429 86
403 876 65
587 638 60
849 50 40
882 761 89
923 369 68
861 389 15
785 178 95
527 30 65
2 310 77
20 9 25
506 448 62
771 482 13
416 182 23
422 320 16
260 472 100
409 412 60
784 536 35
190 832 94
802 553 48
359 629 21
703 360 38
620 472 15
625 416 18
345 378 31
270 622 82
853 535 39
611 650 47
124 911 28
266 118 40
396 800 100
491 582 11
311 863 96
735 460 41
827 161 65
901 393 72
112 920 6
343 260 98
442 687 39
14 689 98
365 638 9
465 202 13
769 356 34
227 300 55
454 372 13
852 375 29
279 849 84
273 513 65
70 308 59
191 29 98
699 169 10
694 470 22
327 413 68
364 802 71
583 563 92
790 57 80
611 547 26
564 607 64
640 420 55
75 390 62
129 578 7
739 464 89
500 133 35
714 502 75
193 47 66
667 28 25
100 105 27
792 865 6
832 216 97
897 443 64
618 769 20
146 750 7
725 871 97
864 8 44
139 6 29
778 205 86
252 335 51
705 437 14
513 288 9
190 427 10
873 179 99
761 247 86
27 46 21
839 125 57
229 668 6
465 538 45
147 359 81
699 407 14
673 526 50
341 362 48
286 670 9
867 231 84
184 855 70
351 913 18
716 595 1
221 42 30
159 820 12
698 536 45
46 253 5
682 463 72
120 721 90
31 700 5
540 196 88
16 767 42
83 116 13
37 414 67
32 860 56
391 294 39
487 206 50
467 347 74
533 411 51
321 464 58
669 502 83
847 287 37
246 797 13
416 297 8
318 530 93
221 62 29
787 658 86
48 614 29
187 48 100
353 905 76
110 326 8
503 679 18
69 98 15
157 231 71
659 837 34
367 626 93
677 79 51
23 187 29
729 549 35
182 867 53
601 703 41
868 482 10
133 206 57
720 903 60
764 458 68
679 474 68
233 773 51
233 752 2
437 248 41
101 2 72
347 29 98
421 78 34
427 736 100
877 909 93
473 754 92
202 240 57
162 63 4
656 862 66
780 635 31
758 718 53
29 552 51
171 593 26
804 387 25
431 294 64
395 504 92
702 8 69
314 745 21
620 246 2
653 884 83
266 62 17
770 466 30
801 772 44
890 859 2
741 542 59
905 12 88
754 706 92
716 692 82
29 549 25
531 817 48
149 586 30
306 79 18
751 489 78
550 341 69
538 471 36
849 206 13
756 813 68
94 885 46
833 326 30
760 424 59
647 724 53
653 569 63
816 234 85
472 872 68
301 550 61
400 866 50
330 87 87
415 919 96
813 864 80
560 917 95
860 626 48
329 642 31
162 877 30
131 83 61
442 35 3
329 171 62
692 871 40
11 330 65
42 76 19
121 551 48
121 719 41
576 837 49
254 429 77
124 583 15
106 0 21
822 369 13
76 829 36
177 304 76
106 70 45
358 439 65
872 496 73
530 479 17
885 26 38
827 590 71
577 780 45
703 674 70
641 380 61
422 314 45
25 267 73
481 413 38
562 93 8
274 3 76
363 102 52
140 838 76
405 356 30
693 397 28
510 27 24
228 173 15
141 269 72
907 544 35
141 473 67
5 79 30
389 899 56
478 600 73
313 781 73
857 278 14
589 783 44
864 743 30
348 490 53
750 909 81
248 381 80
422 912 71
440 833 36
134 306 40
751 748 4
49 816 23
515 19 22
831 350 10
116 86 50
178 863 70
875 153 50
141 789 12
774 221 48
815 741 68
662 170 21
386 692 93
841 219 79
705 739 39
461 433 36
12 227 26
55 520 31
650 350 68
405 565 79
399 427 7
598 575 58
59 335 81
806 557 20
590 233 14
121 546 61
780 840 100
276 361 27
557 918 65
261 494 14
56 95 55
1 762 52
257 684 15
320 284 48
352 765 3
366 731 27
574 809 83
78 114 72
220 498 7
918 154 36
427 895 85
684 548 53
624 896 3
11 542 32
84 347 54
867 373 24
869 466 15
331 548 7
13 263 56
522 645 95
224 120 78
496 396 73
691 748 60
4 253 91
233 397 19
833 333 100
783 657 86
789 458 64
649 108 58
682 549 3
44 822 47
291 901 61
65 444 93
586 331 33
851 233 50
836 636 62
779 591 2
780 105 100
478 643 62
548 682 99
892 530 26
119 445 62
402 59 80
17 504 58
424 760 72
56 11 19
349 12 29
528 439 13
150 101 63
875 281 18
571 97 27
818 395 38
768 194 18
233 478 41
918 654 84
347 686 32
726 790 57
517 810 90
668 13 40
553 822 95
496 583 57
777 488 20
837 635 64
805 477 31
586 607 86
556 603 7
227 101 45
628 371 5
875 703 14
383 167 10
266 588 15
208 154 48
342 788 18
297 783 60
659 229 11
120 775 41
400 169 20
872 603 97
469 770 15
646 453 74
1 744 52
610 95 55
849 647 68
817 278 33
195 739 75
692 623 47
142 616 8
11 109 59
868 731 78
223 900 38
797 613 79
90 883 88
344 217 61
13 349 63
760 775 24
326 551 11
773 817 53
247 131 14
718 265 60
555 117 19
800 873 77
425 294 56
623 267 85
830 80 70
78 291 88
834 719 29
162 170 65
746 96 23
588 79 67
783 455 91
832 867 83
398 142 44
128 600 48
611 643 18
412 826 88
252 674 75
188 85 3
829 627 96
426 84 87
796 332 46
861 847 55
110 714 100
725 573 19
515 171 59
678 310 62
450 800 54
643 626 54
652 903 77
552 198 10
402 214 10
800 175 75
754 83 57
573 513 84
664 686 31
288 861 16
176 518 52
300 883 30
611 482 35
507 821 14
58 407 55
607 118 41
769 123 96
859 161 55
420 632 69
401 864 53
215 452 97
80 483 73
277 240 49
664 542 52
409 239 52
911 11 98
294 233 40
111 799 55
683 501 32
317 73 80
81 728 14
241 534 4
176 348 40
512 505 70
845 441 97
497 97 58
170 256 71
217 713 46
436 468 82
102 747 30
551 379 26
261 46 85
881 638 8
472 197 30
355 415 48
725 866 78
892 769 99
789 237 9
691 876 49
69 36 23
116 61 19
274 904 58
22 195 11
897 849 81
543 803 67
902 231 23
306 29 89
315 792 4
593 413 1
681 914 58
414 320 6
269 5 49
239 718 71
194 208 74
160 275 83
162 384 93
114 877 23
562 730 88
422 527 97
377 306 89
94 828 92
672 711 21
870 249 77
102 249 40
433 678 98
746 492 67
567 627 53
5 700 5
857 97 100
331 186 92
547 688 21
190 393 92
477 454 1
673 921 28
407 416 15
83 431 38
427 8 56
631 717 36
358 658 42
137 441 94
260 792 13
386 636 16
847 268 21
228 610 36
509 11 34
584 98 85
780 676 55
650 167 39
76 758 47
173 598 16
656 540 87
183 686 36
270 499 55
247 292 83
57 77 45
860 411 68
823 418 8
779 833 46
807 578 90
187 758 2
216 667 93
65 780 42
63 716 40
683 412 69
213 615 95
169 375 41
427 750 27
349 888 54
872 125 61
846 170 67
560 718 24
97 206 16
817 122 81
740 58 70
469 84 79
776 331 28
396 841 77
372 754 85
698 403 64
34 893 39
661 846 98
388 768 26
738 234 91
69 349 43
891 734 37
890 772 33
697 121 58
106 579 50
689 860 67
309 523 26
91 251 39
439 849 43
565 571 7
410 678 7
46 689 19
842 93 7
142 752 57
57 672 19
522 449 21
24 465 71
658 12 6
876 51 39
304 818 17
327 249 37
182 918 43
822 595 11
652 677 83
675 216 81
739 571 13
389 6 18
189 600 55
640 551 50
30 726 39
494 380 35
852 922 95
85 415 30
866 44 67
297 825 87
44 30 26
72 658 29
637 550 60
393 646 23
30 822 76
57 322 19
33 350 54
715 33 91
216 153 9
882 35 34
890 56 15
515 382 86
87 878 75
224 215 83
694 468 6
276 72 5
494 704 52
384 912 77
612 621 81
464 404 99
390 402 24
766 229 79
119 325 37
644 848 51
353 95 88
416 524 99
607 785 62
846 727 34
759 739 36
643 32 85
558 506 20
510 129 88
432 837 55
482 888 70
780 225 70
831 707 65
776 440 89
824 166 14
40 879 98
243 586 73
221 666 75
336 135 37
95 916 98
570 237 12
227 57 59
240 555 61
412 582 46
215 220 13
446 329 34
859 535 77
828 611 54
450 40 67
325 212 47
816 174 26
375 184 95
68 917 49
778 432 65
896 654 3
175 518 95
598 80 31
7 467 90
97 497 76
824 326 18
290 170 77
24 148 13
813 177 80
374 233 85
564 777 25
635 569 90
401 384 93
304 642 50
554 607 10
341 414 88
78 212 80
914 108 8
709 216 83
446 277 14
738 867 68
350 544 25
409 313 11
5 410 2
905 691 69
792 556 10
475 559 93
642 778 69
235 379 50
711 83 92
322 233 68
5 419 81
170 290 29
180 780 38
733 784 90
716 630 97
41 765 95
302 158 54
55 193 71
664 132 83
632 324 16
719 258 37
278 565 46
469 548 23
64 708 30
303 448 98
746 613 94
753 443 44
259 499 36
184 448 27
38 887 58
63 363 68
232 105 50
74 552 89
673 114 10
589 913 25
656 584 24
401 911 81
137 762 15
412 153 60
541 533 96
12 662 60
494 216 12
916 320 93
169 915 82
21 76 63
155 638 4
673 661 5
72 292 58
827 285 92
177 514 91
704 826 85
587 241 69
43 635 74
575 318 48
251 842 67
225 722 34
69 124 36
556 236 9
495 47 32
15 344 93
347 191 2
256 23 97
487 90 57
787 888 58
424 618 88
771 246 63
828 460 90
486 714 46
159 898 20
899 728 45
500 56 25
123 586 18
665 138 18
11 186 85
461 667 51
321 427 77
693 350 15
779 250 24
87 875 58
254 186 30
460 16 71
751 497 4
293 704 92
103 230 72
394 857 49
517 488 87
868 58 52
147 114 45
513 806 30
491 312 22
73 84 7
42 475 62
584 142 81
19 443 45
690 331 61
495 264 4
175 620 38
268 883 15
833 545 30
546 788 8
878 35 33
17 822 73
530 688 16
5 744 73
727 345 55
769 843 62
911 524 39
455 547 99
886 786 92
595 201 18
505 53 48
455 619 57
188 413 68
278 682 100
893 592 47
327 857 32
60 600 80
509 912 80
353 197 92
703 168 19
767 138 65
112 752 34
66 85 42
913 255 47
147 45 28
270 636 61
435 113 68
287 166 83
743 824 96
844 771 47
124 522 35
841 431 14
729 679 98
223 511 1
333 917 85
511 262 65
69 501 82
833 615 32
850 91 43
238 802 40
590 195 8
350 331 99
756 911 55
446 227 28
564 918 27
426 489 41
638 512 70
563 815 94
777 260 65
460 162 38
486 110 60
209 313 16
164 465 4
270 870 82
598 29 84
111 805 42
767 656 80
435 773 61
887 33 97
753 344 97
201 781 86
730 36 78
54 657 52
182 143 15
102 253 6
265 44 96
82 862 55
176 440 86
888 590 33
755 365 15
298 440 82
922 545 63
846 358 70
500 854 6
772 88 62
561 95 52
447 703 71
9 70 97
523 338 46
419 7 34
900 768 87
912 852 73
418 454 9
709 528 4
891 206 64
275 85 59
53 94 61
57 336 68
494 203 27
29 282 22
34 270 86
787 384 89
884 532 36
890 560 34
797 548 30
313 903 4
123 679 25
759 551 55
289 619 8
317 867 100
6 782 13
538 55 31
815 208 85
404 500 24
850 375 82
257 44 75
117 824 51
366 38 87
465 830 21
598 520 5
904 304 23
504 226 67
623 610 14
379 348 54
654 52 45
879 184 60
521 105 41
851 636 32
668 435 62
57 897 88
899 221 99
356 172 31
735 337 49
622 828 67
317 679 25
54 424 73
59 525 3
606 792 12
650 83 75
601 551 73
481 450 19
302 313 84
30 335 53
919 511 48
334 501 74
279 323 48
434 302 85
757 681 70
230 892 32
185 824 63
295 81 4
407 377 4
73 724 47
81 428 97
72 436 86
704 834 84
534 541 41
282 907 90
1 491 30
183 524 43
861 332 38
181 876 71
177 223 75
100 642 56
179 357 52
174 454 7
791 588 42
123 252 49
226 758 47
210 865 24
721 782 84
819 573 14
511 348 59
347 608 20
269 820 75
813 863 1
61 292 21
675 305 51
354 423 41
140 588 24
11 452 39
640 577 46
624 347 14
284 179 7
670 157 29
202 232 77
677 255 56
810 149 87
541 112 65
891 329 23
127 18 32
374 910 26
18 612 78
616 748 52
562 821 35
701 637 53
758 859 1
862 29 25
430 67 98
899 860 6
136 538 41
496 680 59
782 20 88
386 24 66
91 143 17
536 806 13
530 514 92
477 621 71
582 498 37
624 26 96
594 93 36
170 717 16
182 883 18
421 337 33
797 140 12
302 540 43
612 178 66
80 783 19
792 66 10
755 137 16
400 610 29
538 476 100
84 680 86
526 44 50
638 797 93
907 590 88
220 307 51
511 100 99
495 834 49
911 858 57
131 130 7
82 299 86
360 824 69
164 743 62
439 664 44
392 793 22
504 827 6
448 825 96
838 64 75
382 190 22
312 841 94
43 676 31
594 533 16
591 561 2
69 878 90
861 556 25
225 9 29
101 434 73
205 301 16
814 909 50
610 7 46
650 863 1
158 499 64
739 125 71
623 425 78
668 299 82
729 918 79
705 218 50
856 609 3
166 472 69
263 811 24
109 555 79
293 751 2
623 723 95
54 506 44
810 166 12
757 508 35
650 318 76
831 427 64
84 920 43
155 238 21
245 478 97
715 330 80
351 177 9
294 727 23
407 15 31
409 632 39
420 302 85
548 193 55
484 542 8
215 857 75
492 345 75
871 228 83
654 766 92
309 730 76
441 417 22
93 368 42
666 327 77
695 383 97
878 332 40
266 238 56
870 491 27
738 482 14
832 238 91
521 1 94
251 763 98
375 75 29
71 786 50
252 142 49
484 186 11
511 792 80
20 916 20
744 300 66
245 29 78
12 678 92
676 294 38
793 523 40
302 112 54
861 46 37
582 328 100
483 500 95
915 348 19
421 674 93
338 548 93
683 294 69
441 718 81
707 615 100
438 423 91
637 72 94
252 764 26
908 572 78
86 731 2
126 767 37
28 412 65
875 878 75
508 185 17
634 360 61
358 506 11
857 403 56
318 459 56
28 507 50
734 486 4
586 601 18
80 363 37
898 511 2
83 15 43
573 867 94
86 522 69
257 508 80
432 63 83
318 399 84
751 533 32
193 287 40
560 276 13
687 392 13
877 114 9
694 633 36
206 616 70
860 155 63
180 447 68
771 484 28
493 166 54
853 781 79
518 467 89
132 300 45
150 124 12
459 191 3
208 886 33
500 241 60
287 774 34
58 606 18
763 244 57
300 558 18
257 449 41
654 687 10
19 310 8
248 625 60
702 744 53
668 195 21
514 742 67
88 319 17
733 84 98
248 48 100
402 365 55
667 641 19
320 378 55
185 114 84
788 270 6
295 256 84
693 340 17
865 222 78
175 357 35
908 489 14
409 801 93
33 690 87
781 618 25
892 12 2
285 621 31
13 134 82
521 892 71
264 71 46
822 649 74
693 279 6
499 291 37
546 773 17
555 96 93
39 201 96
566 898 47
831 657 24
599 508 76
335 780 21
891 362 11
336 208 85
770 536 32
190 528 68
852 76 55
592 666 16
101 350 45
540 394 4
123 333 9
652 233 81
585 629 81
2 867 62
17 89 82
347 669 32
78 492 95
455 783 71
251 206 41
110 453 75
745 295 86
162 407 71
627 35 28
765 506 44
24 420 4
102 324 41
649 353 25
709 286 16
749 794 76
678 460 99
5 582 72
854 876 68
814 702 39
860 72 11
777 665 78
275 555 54
257 838 64
921 660 34
881 770 87
256 594 11
303 248 98
658 775 89
682 471 61
808 670 32
324 23 47
147 275 65
612 748 71
269 191 59
289 333 83
713 44 5
744 751 97
282 293 21
66 113 70
206 5 8
802 404 14
216 911 38
84 923 72
465 312 22
833 125 73
40 350 6
228 327 23
847 564 33
828 418 53
869 396 30
814 364 28
358 389 78
733 412 15
710 492 74
23 251 2
233 140 12
304 232 6
640 394 39
377 247 84
85 293 9
554 451 87
570 660 4
57 30 85
367 145 84
198 28 80
53 3 15
373 770 14
887 873 80
245 279 6
915 85 62
165 851 66
289 49 15
753 649 22
284 569 64
83 895 42
638 443 6
296 497 80
693 497 82
398 288 96
730 704 41
835 262 56
329 524 95
743 208 5
510 585 10
642 211 87
357 494 12
900 262 7
57 383 88
163 448 82
283 101 21
708 621 49
524 620 11
618 130 78
624 54 97
764 351 13
43 173 47
81 219 87
60 78 88
427 609 36
879 626 61
585 576 36
883 141 68
492 442 42
34 490 34
42
93 423 145
13 848 225
11 561 818
42 191 236
79 654 166
39 641 733
53 896 706
49 909 305
87 119 545
45 693 106
52 441 186
95 395 776
50 425 880
99 779 277
76 617 222
58 147 688
5 93 286
4 519 631
5 369 643
89 447 135
85 650 624
99 490 913
71 478 547
82 465 37
93 413 44
28 804 794
97 760 346
68 422 252
59 197 520
73 624 864
86 838 754
66 174 51
29 80 848
69 504 733
97 458 827
79 295 691
16 280 68
24 361 383
5 681 852
90 916 91
84 327 337
49 307 55
